18	1	1	18
20	1	1	19
15	1	1	20
14	1	1	15
13	1	1	9
-15	1	1	7
25	1	1	2
24	1	1	4
19	1	1	5
9	1	1	-15
4	1	1	10
5	1	1	-9
3	1	1	8
8	1	1	3
7	1	1	-2
2	1	1	1
1	1	1	16
99	1	1	21
16	1	1	25
1100	1	1	-18
12	1	1	13
23	1	1	14
17	1	1	-15
6	1	1	-13
-17	1	1	-7
11	1	1	6
22	1	1	22
0	1	1	17
0	1	1	23
0	1	1	24
0	1	1	-25
0	1	1	-19
0	1	1	-13
0	1	1	1200
0	1	1	-1
0	1	1	12
0	1	1	-11
0	1	1	-21
0	1	1	-16
0	1	1	-17
0	1	1	-23
0	1	1	-24
0	1	1	-14
0	1	1	-2
0	1	1	-1
0	1	1	-6
0	1	1	-11
0	1	1	-16
0	1	1	-22
0	1	1	-23
0	1	1	-24
0	1	1	-25
0	1	1	0
0	1	1	0
0	1	1	0
0	1	1	0
0	1	1	0
0	1	1	0
0	1	1	0
0	1	1	0
0	1	1	0
0	1	1	0
0	1	1	0
0	1	1	0
0	1	1	0
0	1	1	0
0	1	1	0
0	1	1	0
0	1	1	0
0	1	1	0
0	1	1	0
0	1	1	0
0	1	1	0
0	1	1	0
0	1	1	0
0	1	1	0
0	1	1	0
0	1	1	0
0	1	1	0
0	1	1	0
0	1	1	0
0	1	1	0
0	1	1	0
0	1	1	0
0	1	1	0
0	1	1	0
0	1	1	0
0	1	1	0
0	1	1	0
0	1	1	0
0	1	1	0
0	1	1	0
0	1	1	0
0	1	1	0
0	1	1	0
0	1	1	0
0	1	1	0
0	1	1	0
0	1	1	0
0	1	1	0
18	1	2	2400
20	1	2	2500
15	1	2	20
14	1	2	14
13	1	2	15
-15	1	2	-20
25	1	2	5
24	1	2	400
19	1	2	3
9	1	2	2
4	1	2	100
5	1	2	1100
3	1	2	12
8	1	2	2100
7	1	2	1600
2	1	2	17
1	1	2	2400
99	1	2	22
16	1	2	18
1100	1	2	2100
12	1	2	1600
23	1	2	-17
17	1	2	1600
6	1	2	1100
-17	1	2	-12
11	1	2	7
22	1	2	999
0	1	2	2300
0	1	2	-22
0	1	2	-17
0	1	2	1600
0	1	2	2100
0	1	2	6
0	1	2	-17
0	1	2	11
0	1	2	-12
0	1	2	-7
0	1	2	8
0	1	2	-14
0	1	2	13
0	1	2	-13
0	1	2	-12
0	1	2	-6
0	1	2	-2
0	1	2	1
0	1	2	16
0	1	2	-16
0	1	2	-11
0	1	2	-15
0	1	2	-16
0	1	2	2100
0	1	2	-17
0	1	2	-22
0	1	2	23
0	1	2	2400
0	1	2	19
0	1	2	-14
0	1	2	9
0	1	2	25
0	1	2	-15
0	1	2	10
0	1	2	-9
0	1	2	4
0	1	2	-3
0	1	2	-2
0	1	2	-1
0	1	2	999
0	1	2	-23
0	1	2	24
0	1	2	99
0	1	2	-24
0	1	2	-25
0	1	2	-9
0	1	2	-3
0	1	2	-2
0	1	2	-1
0	1	2	-12
0	1	2	-16
0	1	2	999
0	1	2	-23
0	1	2	-24
0	1	2	-20
0	1	2	-25
0	1	2	-14
0	1	2	-15
0	1	2	-10
0	1	2	-9
0	1	2	-8
0	1	2	-3
0	1	2	-5
0	1	2	-4
0	1	2	0
0	1	2	0
0	1	2	0
0	1	2	0
0	1	2	0
0	1	2	0
0	1	2	0
0	1	2	0
0	1	2	0
18	1	3	14
20	1	3	9
15	1	3	25
14	1	3	20
13	1	3	15
-15	1	3	10
25	1	3	5
24	1	3	300
19	1	3	4
9	1	3	3
4	1	3	2
5	1	3	7
3	1	3	12
8	1	3	13
7	1	3	2300
2	1	3	19
1	1	3	18
99	1	3	8
16	1	3	11
1100	1	3	6
12	1	3	1
23	1	3	17
17	1	3	16
6	1	3	21
-17	1	3	24
11	1	3	23
22	1	3	22
0	1	3	0
0	1	3	0
0	1	3	0
0	1	3	0
0	1	3	0
0	1	3	0
0	1	3	0
0	1	3	0
0	1	3	0
0	1	3	0
0	1	3	0
0	1	3	0
0	1	3	0
0	1	3	0
0	1	3	0
0	1	3	0
0	1	3	0
0	1	3	0
0	1	3	0
0	1	3	0
0	1	3	0
0	1	3	0
0	1	3	0
0	1	3	0
0	1	3	0
0	1	3	0
0	1	3	0
0	1	3	0
0	1	3	0
0	1	3	0
0	1	3	0
0	1	3	0
0	1	3	0
0	1	3	0
0	1	3	0
0	1	3	0
0	1	3	0
0	1	3	0
0	1	3	0
0	1	3	0
0	1	3	0
0	1	3	0
0	1	3	0
0	1	3	0
0	1	3	0
0	1	3	0
0	1	3	0
0	1	3	0
0	1	3	0
0	1	3	0
0	1	3	0
0	1	3	0
0	1	3	0
0	1	3	0
0	1	3	0
0	1	3	0
0	1	3	0
0	1	3	0
0	1	3	0
0	1	3	0
0	1	3	0
0	1	3	0
0	1	3	0
0	1	3	0
0	1	3	0
0	1	3	0
0	1	3	0
0	1	3	0
0	1	3	0
0	1	3	0
0	1	3	0
0	1	3	0
0	1	3	0
18	1	4	19
20	1	4	13
15	1	4	9
14	1	4	5
13	1	4	4
-15	1	4	6
25	1	4	7
24	1	4	12
19	1	4	18
9	1	4	14
4	1	4	8
5	1	4	2
3	1	4	1
8	1	4	1600
7	1	4	1700
2	1	4	16
1	1	4	24
99	1	4	25
16	1	4	20
1100	1	4	17
12	1	4	3
23	1	4	11
17	1	4	999
6	1	4	-24
-17	1	4	15
11	1	4	2100
22	1	4	22
0	1	4	2100
0	1	4	0
0	1	4	0
0	1	4	0
0	1	4	0
0	1	4	0
0	1	4	0
0	1	4	0
0	1	4	0
0	1	4	0
0	1	4	0
0	1	4	0
0	1	4	0
0	1	4	0
0	1	4	0
0	1	4	0
0	1	4	0
0	1	4	0
0	1	4	0
0	1	4	0
0	1	4	0
0	1	4	0
0	1	4	0
0	1	4	0
0	1	4	0
0	1	4	0
0	1	4	0
0	1	4	0
0	1	4	0
0	1	4	0
0	1	4	0
0	1	4	0
0	1	4	0
0	1	4	0
0	1	4	0
0	1	4	0
0	1	4	0
0	1	4	0
0	1	4	0
0	1	4	0
0	1	4	0
0	1	4	0
0	1	4	0
0	1	4	0
0	1	4	0
0	1	4	0
0	1	4	0
0	1	4	0
0	1	4	0
0	1	4	0
0	1	4	0
0	1	4	0
0	1	4	0
0	1	4	0
0	1	4	0
0	1	4	0
0	1	4	0
0	1	4	0
0	1	4	0
0	1	4	0
0	1	4	0
0	1	4	0
0	1	4	0
0	1	4	0
0	1	4	0
0	1	4	0
0	1	4	0
0	1	4	0
0	1	4	0
0	1	4	0
0	1	4	0
0	1	4	0
0	1	4	0
18	1	5	24
20	1	5	20
15	1	5	15
14	1	5	10
13	1	5	400
-15	1	5	5
25	1	5	4
24	1	5	3
19	1	5	1700
9	1	5	1200
4	1	5	13
5	1	5	14
3	1	5	9
8	1	5	8
7	1	5	18
2	1	5	12
1	1	5	7
99	1	5	2
16	1	5	-12
1100	1	5	1100
12	1	5	17
23	1	5	19
17	1	5	25
6	1	5	22
-17	1	5	21
11	1	5	-21
22	1	5	16
0	1	5	1100
0	1	5	-17
0	1	5	23
0	1	5	-24
0	1	5	1100
0	1	5	-16
0	1	5	-21
0	1	5	-7
0	1	5	600
0	1	5	100
0	1	5	600
0	1	5	11
0	1	5	6
0	1	5	1
0	1	5	999
0	1	5	-24
0	1	5	-25
0	1	5	-5
0	1	5	-4
0	1	5	0
0	1	5	0
0	1	5	0
0	1	5	0
0	1	5	0
0	1	5	0
0	1	5	0
0	1	5	0
0	1	5	0
0	1	5	0
0	1	5	0
0	1	5	0
0	1	5	0
0	1	5	0
0	1	5	0
0	1	5	0
0	1	5	0
0	1	5	0
0	1	5	0
0	1	5	0
0	1	5	0
0	1	5	0
0	1	5	0
0	1	5	0
0	1	5	0
0	1	5	0
0	1	5	0
0	1	5	0
0	1	5	0
0	1	5	0
0	1	5	0
0	1	5	0
0	1	5	0
0	1	5	0
0	1	5	0
0	1	5	0
0	1	5	0
0	1	5	0
0	1	5	0
0	1	5	0
0	1	5	0
0	1	5	0
0	1	5	0
0	1	5	0
0	1	5	0
0	1	5	0
0	1	5	0
0	1	5	0
0	1	5	0
0	1	5	0
0	1	5	0
0	1	5	0
0	1	5	0
0	1	5	0
18	1	6	18
20	1	6	14
15	1	6	15
14	1	6	10
13	1	6	5
-15	1	6	4
25	1	6	3
24	1	6	2
19	1	6	7
9	1	6	11
4	1	6	1600
5	1	6	1200
3	1	6	13
8	1	6	-14
7	1	6	9
2	1	6	1700
1	1	6	1200
99	1	6	-13
16	1	6	8
1100	1	6	22
12	1	6	-18
23	1	6	17
17	1	6	21
6	1	6	16
-17	1	6	6
11	1	6	1
22	1	6	19
0	1	6	25
0	1	6	-25
0	1	6	20
0	1	6	23
0	1	6	24
0	1	6	-17
0	1	6	0
0	1	6	0
0	1	6	0
0	1	6	0
0	1	6	0
0	1	6	0
0	1	6	0
0	1	6	0
0	1	6	0
0	1	6	0
0	1	6	0
0	1	6	0
0	1	6	0
0	1	6	0
0	1	6	0
0	1	6	0
0	1	6	0
0	1	6	0
0	1	6	0
0	1	6	0
0	1	6	0
0	1	6	0
0	1	6	0
0	1	6	0
0	1	6	0
0	1	6	0
0	1	6	0
0	1	6	0
0	1	6	0
0	1	6	0
0	1	6	0
0	1	6	0
0	1	6	0
0	1	6	0
0	1	6	0
0	1	6	0
0	1	6	0
0	1	6	0
0	1	6	0
0	1	6	0
0	1	6	0
0	1	6	0
0	1	6	0
0	1	6	0
0	1	6	0
0	1	6	0
0	1	6	0
0	1	6	0
0	1	6	0
0	1	6	0
0	1	6	0
0	1	6	0
0	1	6	0
0	1	6	0
0	1	6	0
0	1	6	0
0	1	6	0
0	1	6	0
0	1	6	0
0	1	6	0
0	1	6	0
0	1	6	0
0	1	6	0
0	1	6	0
0	1	6	0
0	1	6	0
0	1	6	0
18	1	7	2200
20	1	7	1700
15	1	7	18
14	1	7	13
13	1	7	14
-15	1	7	15
25	1	7	10
24	1	7	9
19	1	7	300
9	1	7	4
4	1	7	3
5	1	7	2
3	1	7	1
8	1	7	11
7	1	7	17
2	1	7	-18
1	1	7	19
99	1	7	-15
16	1	7	5
1100	1	7	-9
12	1	7	-3
23	1	7	-2
17	1	7	-1
6	1	7	-11
-17	1	7	21
11	1	7	16
22	1	7	22
0	1	7	23
0	1	7	24
0	1	7	25
0	1	7	20
0	1	7	-14
0	1	7	-18
0	1	7	12
0	1	7	7
0	1	7	-11
0	1	7	6
0	1	7	-16
0	1	7	-17
0	1	7	-18
0	1	7	-21
0	1	7	-22
0	1	7	-23
0	1	7	-24
0	1	7	-15
0	1	7	-9
0	1	7	999
0	1	7	-23
0	1	7	-21
0	1	7	-17
0	1	7	-13
0	1	7	8
0	1	7	-7
0	1	7	-6
0	1	7	-4
0	1	7	-5
0	1	7	-10
0	1	7	-15
0	1	7	-20
0	1	7	-14
0	1	7	-24
0	1	7	-25
0	1	7	999
0	1	7	-8
0	1	7	-9
0	1	7	-10
0	1	7	-2
0	1	7	-1
0	1	7	0
0	1	7	0
0	1	7	0
0	1	7	0
0	1	7	0
0	1	7	0
0	1	7	0
0	1	7	0
0	1	7	0
0	1	7	0
0	1	7	0
0	1	7	0
0	1	7	0
0	1	7	0
0	1	7	0
0	1	7	0
0	1	7	0
0	1	7	0
0	1	7	0
0	1	7	0
0	1	7	0
0	1	7	0
0	1	7	0
0	1	7	0
0	1	7	0
0	1	7	0
0	1	7	0
0	1	7	0
0	1	7	0
0	1	7	0
0	1	7	0
0	1	7	0
18	1	8	23
20	1	8	19
15	1	8	15
14	1	8	10
13	1	8	5
-15	1	8	4
25	1	8	9
24	1	8	3
19	1	8	12
9	1	8	8
4	1	8	14
5	1	8	18
3	1	8	13
8	1	8	24
7	1	8	20
2	1	8	7
1	1	8	2
99	1	8	1
16	1	8	11
1100	1	8	17
12	1	8	21
23	1	8	16
17	1	8	22
6	1	8	-23
-17	1	8	-19
11	1	8	6
22	1	8	999
0	1	8	25
0	1	8	0
0	1	8	0
0	1	8	0
0	1	8	0
0	1	8	0
0	1	8	0
0	1	8	0
0	1	8	0
0	1	8	0
0	1	8	0
0	1	8	0
0	1	8	0
0	1	8	0
0	1	8	0
0	1	8	0
0	1	8	0
0	1	8	0
0	1	8	0
0	1	8	0
0	1	8	0
0	1	8	0
0	1	8	0
0	1	8	0
0	1	8	0
0	1	8	0
0	1	8	0
0	1	8	0
0	1	8	0
0	1	8	0
0	1	8	0
0	1	8	0
0	1	8	0
0	1	8	0
0	1	8	0
0	1	8	0
0	1	8	0
0	1	8	0
0	1	8	0
0	1	8	0
0	1	8	0
0	1	8	0
0	1	8	0
0	1	8	0
0	1	8	0
0	1	8	0
0	1	8	0
0	1	8	0
0	1	8	0
0	1	8	0
0	1	8	0
0	1	8	0
0	1	8	0
0	1	8	0
0	1	8	0
0	1	8	0
0	1	8	0
0	1	8	0
0	1	8	0
0	1	8	0
0	1	8	0
0	1	8	0
0	1	8	0
0	1	8	0
0	1	8	0
0	1	8	0
0	1	8	0
0	1	8	0
0	1	8	0
0	1	8	0
0	1	8	0
0	1	8	0
0	1	8	0
18	1	9	23
20	1	9	24
15	1	9	-24
14	1	9	19
13	1	9	20
-15	1	9	1400
25	1	9	15
24	1	9	10
19	1	9	9
9	1	9	-10
4	1	9	5
5	1	9	4
3	1	9	3
8	1	9	12
7	1	9	13
2	1	9	-13
1	1	9	8
99	1	9	7
16	1	9	2
1100	1	9	-2
12	1	9	-3
23	1	9	-7
17	1	9	6
6	1	9	2100
-17	1	9	22
11	1	9	17
22	1	9	16
0	1	9	11
0	1	9	-6
0	1	9	-12
0	1	9	-17
0	1	9	-22
0	1	9	-23
0	1	9	18
0	1	9	-24
0	1	9	25
0	1	9	-10
0	1	9	-9
0	1	9	-4
0	1	9	-3
0	1	9	-22
0	1	9	21
0	1	9	0
0	1	9	0
0	1	9	0
0	1	9	0
0	1	9	0
0	1	9	0
0	1	9	0
0	1	9	0
0	1	9	0
0	1	9	0
0	1	9	0
0	1	9	0
0	1	9	0
0	1	9	0
0	1	9	0
0	1	9	0
0	1	9	0
0	1	9	0
0	1	9	0
0	1	9	0
0	1	9	0
0	1	9	0
0	1	9	0
0	1	9	0
0	1	9	0
0	1	9	0
0	1	9	0
0	1	9	0
0	1	9	0
0	1	9	0
0	1	9	0
0	1	9	0
0	1	9	0
0	1	9	0
0	1	9	0
0	1	9	0
0	1	9	0
0	1	9	0
0	1	9	0
0	1	9	0
0	1	9	0
0	1	9	0
0	1	9	0
0	1	9	0
0	1	9	0
0	1	9	0
0	1	9	0
0	1	9	0
0	1	9	0
0	1	9	0
0	1	9	0
0	1	9	0
0	1	9	0
0	1	9	0
0	1	9	0
0	1	9	0
0	1	9	0
0	1	9	0
18	1	10	19
20	1	10	14
15	1	10	9
14	1	10	5
13	1	10	400
-15	1	10	3
25	1	10	7
24	1	10	800
19	1	10	-7
9	1	10	8
4	1	10	-9
5	1	10	4
3	1	10	-3
8	1	10	2
7	1	10	1200
2	1	10	1100
1	1	10	12
99	1	10	-12
16	1	10	11
1100	1	10	23
12	1	10	25
23	1	10	20
17	1	10	15
6	1	10	10
-17	1	10	-14
11	1	10	18
22	1	10	13
0	1	10	-23
0	1	10	24
0	1	10	-25
0	1	10	-23
0	1	10	22
0	1	10	17
0	1	10	-11
0	1	10	6
0	1	10	21
0	1	10	-22
0	1	10	-23
0	1	10	16
0	1	10	999
0	1	10	-17
0	1	10	-18
0	1	10	-7
0	1	10	-6
0	1	10	1
0	1	10	-2
0	1	10	-3
0	1	10	-8
0	1	10	-14
0	1	10	-19
0	1	10	-20
0	1	10	-25
0	1	10	0
0	1	10	0
0	1	10	0
0	1	10	0
0	1	10	0
0	1	10	0
0	1	10	0
0	1	10	0
0	1	10	0
0	1	10	0
0	1	10	0
0	1	10	0
0	1	10	0
0	1	10	0
0	1	10	0
0	1	10	0
0	1	10	0
0	1	10	0
0	1	10	0
0	1	10	0
0	1	10	0
0	1	10	0
0	1	10	0
0	1	10	0
0	1	10	0
0	1	10	0
0	1	10	0
0	1	10	0
0	1	10	0
0	1	10	0
0	1	10	0
0	1	10	0
0	1	10	0
0	1	10	0
0	1	10	0
0	1	10	0
0	1	10	0
0	1	10	0
0	1	10	0
0	1	10	0
0	1	10	0
0	1	10	0
0	1	10	0
0	1	10	0
0	1	10	0
0	1	10	0
0	1	10	0
0	1	10	0
18	1	11	23
20	1	11	24
15	1	11	19
14	1	11	14
13	1	11	2
-15	1	11	4
25	1	11	5
24	1	11	1000
19	1	11	1500
9	1	11	10
4	1	11	-14
5	1	11	9
3	1	11	7
8	1	11	1
7	1	11	22
2	1	11	17
1	1	11	12
99	1	11	13
16	1	11	8
1100	1	11	-14
12	1	11	-9
23	1	11	-12
17	1	11	11
6	1	11	-23
-17	1	11	18
11	1	11	-17
22	1	11	16
0	1	11	21
0	1	11	999
0	1	11	-23
0	1	11	-24
0	1	11	25
0	1	11	20
0	1	11	15
0	1	11	-10
0	1	11	-9
0	1	11	-8
0	1	11	3
0	1	11	-7
0	1	11	-6
0	1	11	1
0	1	11	-22
0	1	11	-23
0	1	11	-21
0	1	11	-11
0	1	11	-12
0	1	11	0
0	1	11	0
0	1	11	0
0	1	11	0
0	1	11	0
0	1	11	0
0	1	11	0
0	1	11	0
0	1	11	0
0	1	11	0
0	1	11	0
0	1	11	0
0	1	11	0
0	1	11	0
0	1	11	0
0	1	11	0
0	1	11	0
0	1	11	0
0	1	11	0
0	1	11	0
0	1	11	0
0	1	11	0
0	1	11	0
0	1	11	0
0	1	11	0
0	1	11	0
0	1	11	0
0	1	11	0
0	1	11	0
0	1	11	0
0	1	11	0
0	1	11	0
0	1	11	0
0	1	11	0
0	1	11	0
0	1	11	0
0	1	11	0
0	1	11	0
0	1	11	0
0	1	11	0
0	1	11	0
0	1	11	0
0	1	11	0
0	1	11	0
0	1	11	0
0	1	11	0
0	1	11	0
0	1	11	0
0	1	11	0
0	1	11	0
0	1	11	0
0	1	11	0
0	1	11	0
0	1	11	0
18	1	12	24
20	1	12	25
15	1	12	20
14	1	12	15
13	1	12	10
-15	1	12	9
25	1	12	4
24	1	12	3
19	1	12	2
9	1	12	6
4	1	12	17
5	1	12	23
3	1	12	-24
8	1	12	19
7	1	12	-25
2	1	12	-10
1	1	12	-17
99	1	12	16
16	1	12	11
1100	1	12	21
12	1	12	-21
23	1	12	22
17	1	12	999
6	1	12	12
-17	1	12	-11
11	1	12	-16
22	1	12	-21
0	1	12	-22
0	1	12	-23
0	1	12	-19
0	1	12	14
0	1	12	-15
0	1	12	-4
0	1	12	5
0	1	12	-10
0	1	12	999
0	1	12	-22
0	1	12	-23
0	1	12	18
0	1	12	-9
0	1	12	8
0	1	12	7
0	1	12	13
0	1	12	-12
0	1	12	-11
0	1	12	-6
0	1	12	1
0	1	12	-22
0	1	12	-23
0	1	12	-24
0	1	12	-20
0	1	12	-7
0	1	12	-3
0	1	12	-2
0	1	12	-4
0	1	12	-5
0	1	12	-9
0	1	12	-11
0	1	12	-16
0	1	12	-21
0	1	12	0
0	1	12	0
0	1	12	0
0	1	12	0
0	1	12	0
0	1	12	0
0	1	12	0
0	1	12	0
0	1	12	0
0	1	12	0
0	1	12	0
0	1	12	0
0	1	12	0
0	1	12	0
0	1	12	0
0	1	12	0
0	1	12	0
0	1	12	0
0	1	12	0
0	1	12	0
0	1	12	0
0	1	12	0
0	1	12	0
0	1	12	0
0	1	12	0
0	1	12	0
0	1	12	0
0	1	12	0
0	1	12	0
0	1	12	0
0	1	12	0
0	1	12	0
0	1	12	0
0	1	12	0
0	1	12	0
0	1	12	0
0	1	12	0
0	1	12	0
0	1	12	0
0	1	12	0
18	1	13	19
20	1	13	15
15	1	13	10
14	1	13	5
13	1	13	4
-15	1	13	9
25	1	13	20
24	1	13	25
19	1	13	24
9	1	13	23
4	1	13	18
5	1	13	13
3	1	13	12
8	1	13	8
7	1	13	3
2	1	13	2
1	1	13	1
99	1	13	600
16	1	13	7
1100	1	13	-19
12	1	13	14
23	1	13	22
17	1	13	-22
6	1	13	17
-17	1	13	16
11	1	13	11
22	1	13	6
0	1	13	21
0	1	13	0
0	1	13	0
0	1	13	0
0	1	13	0
0	1	13	0
0	1	13	0
0	1	13	0
0	1	13	0
0	1	13	0
0	1	13	0
0	1	13	0
0	1	13	0
0	1	13	0
0	1	13	0
0	1	13	0
0	1	13	0
0	1	13	0
0	1	13	0
0	1	13	0
0	1	13	0
0	1	13	0
0	1	13	0
0	1	13	0
0	1	13	0
0	1	13	0
0	1	13	0
0	1	13	0
0	1	13	0
0	1	13	0
0	1	13	0
0	1	13	0
0	1	13	0
0	1	13	0
0	1	13	0
0	1	13	0
0	1	13	0
0	1	13	0
0	1	13	0
0	1	13	0
0	1	13	0
0	1	13	0
0	1	13	0
0	1	13	0
0	1	13	0
0	1	13	0
0	1	13	0
0	1	13	0
0	1	13	0
0	1	13	0
0	1	13	0
0	1	13	0
0	1	13	0
0	1	13	0
0	1	13	0
0	1	13	0
0	1	13	0
0	1	13	0
0	1	13	0
0	1	13	0
0	1	13	0
0	1	13	0
0	1	13	0
0	1	13	0
0	1	13	0
0	1	13	0
0	1	13	0
0	1	13	0
0	1	13	0
0	1	13	0
0	1	13	0
0	1	13	0
0	1	13	0
18	1	14	23
20	1	14	14
15	1	14	15
14	1	14	10
13	1	14	4
-15	1	14	3
25	1	14	1800
24	1	14	13
19	1	14	8
9	1	14	9
4	1	14	5
5	1	14	200
3	1	14	100
8	1	14	2
7	1	14	7
2	1	14	12
1	1	14	18
99	1	14	19
16	1	14	25
1100	1	14	20
12	1	14	-25
23	1	14	-23
17	1	14	24
6	1	14	17
-17	1	14	16
11	1	14	11
22	1	14	6
0	1	14	1
0	1	14	21
0	1	14	0
0	1	14	0
0	1	14	0
0	1	14	0
0	1	14	0
0	1	14	0
0	1	14	0
0	1	14	0
0	1	14	0
0	1	14	0
0	1	14	0
0	1	14	0
0	1	14	0
0	1	14	0
0	1	14	0
0	1	14	0
0	1	14	0
0	1	14	0
0	1	14	0
0	1	14	0
0	1	14	0
0	1	14	0
0	1	14	0
0	1	14	0
0	1	14	0
0	1	14	0
0	1	14	0
0	1	14	0
0	1	14	0
0	1	14	0
0	1	14	0
0	1	14	0
0	1	14	0
0	1	14	0
0	1	14	0
0	1	14	0
0	1	14	0
0	1	14	0
0	1	14	0
0	1	14	0
0	1	14	0
0	1	14	0
0	1	14	0
0	1	14	0
0	1	14	0
0	1	14	0
0	1	14	0
0	1	14	0
0	1	14	0
0	1	14	0
0	1	14	0
0	1	14	0
0	1	14	0
0	1	14	0
0	1	14	0
0	1	14	0
0	1	14	0
0	1	14	0
0	1	14	0
0	1	14	0
0	1	14	0
0	1	14	0
0	1	14	0
0	1	14	0
0	1	14	0
0	1	14	0
0	1	14	0
0	1	14	0
0	1	14	0
0	1	14	0
0	1	14	0
18	1	15	20
20	1	15	10
15	1	15	5
14	1	15	9
13	1	15	4
-15	1	15	3
25	1	15	13
24	1	15	700
19	1	15	8
9	1	15	-13
4	1	15	14
5	1	15	15
3	1	15	25
8	1	15	24
7	1	15	19
2	1	15	23
1	1	15	17
99	1	15	12
16	1	15	700
1100	1	15	200
12	1	15	7
23	1	15	2
17	1	15	1
6	1	15	6
-17	1	15	1600
11	1	15	21
22	1	15	22
0	1	15	18
0	1	15	16
0	1	15	11
0	1	15	0
0	1	15	0
0	1	15	0
0	1	15	0
0	1	15	0
0	1	15	0
0	1	15	0
0	1	15	0
0	1	15	0
0	1	15	0
0	1	15	0
0	1	15	0
0	1	15	0
0	1	15	0
0	1	15	0
0	1	15	0
0	1	15	0
0	1	15	0
0	1	15	0
0	1	15	0
0	1	15	0
0	1	15	0
0	1	15	0
0	1	15	0
0	1	15	0
0	1	15	0
0	1	15	0
0	1	15	0
0	1	15	0
0	1	15	0
0	1	15	0
0	1	15	0
0	1	15	0
0	1	15	0
0	1	15	0
0	1	15	0
0	1	15	0
0	1	15	0
0	1	15	0
0	1	15	0
0	1	15	0
0	1	15	0
0	1	15	0
0	1	15	0
0	1	15	0
0	1	15	0
0	1	15	0
0	1	15	0
0	1	15	0
0	1	15	0
0	1	15	0
0	1	15	0
0	1	15	0
0	1	15	0
0	1	15	0
0	1	15	0
0	1	15	0
0	1	15	0
0	1	15	0
0	1	15	0
0	1	15	0
0	1	15	0
0	1	15	0
0	1	15	0
0	1	15	0
0	1	15	0
0	1	15	0
0	1	15	0
0	1	15	0
0	1	15	0
18	1	16	23
20	1	16	24
15	1	16	15
14	1	16	10
13	1	16	5
-15	1	16	4
25	1	16	14
24	1	16	20
19	1	16	25
9	1	16	19
4	1	16	9
5	1	16	3
3	1	16	8
8	1	16	13
7	1	16	-23
2	1	16	18
1	1	16	-19
99	1	16	7
16	1	16	12
1100	1	16	16
12	1	16	11
23	1	16	6
17	1	16	1
6	1	16	2
-17	1	16	22
11	1	16	17
22	1	16	21
0	1	16	-25
0	1	16	-24
0	1	16	999
0	1	16	-17
0	1	16	-22
0	1	16	-25
0	1	16	-15
0	1	16	-10
0	1	16	-9
0	1	16	0
0	1	16	0
0	1	16	0
0	1	16	0
0	1	16	0
0	1	16	0
0	1	16	0
0	1	16	0
0	1	16	0
0	1	16	0
0	1	16	0
0	1	16	0
0	1	16	0
0	1	16	0
0	1	16	0
0	1	16	0
0	1	16	0
0	1	16	0
0	1	16	0
0	1	16	0
0	1	16	0
0	1	16	0
0	1	16	0
0	1	16	0
0	1	16	0
0	1	16	0
0	1	16	0
0	1	16	0
0	1	16	0
0	1	16	0
0	1	16	0
0	1	16	0
0	1	16	0
0	1	16	0
0	1	16	0
0	1	16	0
0	1	16	0
0	1	16	0
0	1	16	0
0	1	16	0
0	1	16	0
0	1	16	0
0	1	16	0
0	1	16	0
0	1	16	0
0	1	16	0
0	1	16	0
0	1	16	0
0	1	16	0
0	1	16	0
0	1	16	0
0	1	16	0
0	1	16	0
0	1	16	0
0	1	16	0
0	1	16	0
0	1	16	0
0	1	16	0
0	1	16	0
0	1	16	0
0	1	16	0
0	1	16	0
0	1	16	0
0	1	16	0
18	1	17	1900
20	1	17	2400
15	1	17	19
14	1	17	15
13	1	17	10
-15	1	17	5
25	1	17	4
24	1	17	3
19	1	17	9
9	1	17	2000
4	1	17	25
5	1	17	24
3	1	17	20
8	1	17	14
7	1	17	13
2	1	17	8
1	1	17	12
99	1	17	7
16	1	17	2
1100	1	17	600
12	1	17	1
23	1	17	6
17	1	17	11
6	1	17	21
-17	1	17	99
11	1	17	22
22	1	17	17
0	1	17	18
0	1	17	23
0	1	17	16
0	1	17	0
0	1	17	0
0	1	17	0
0	1	17	0
0	1	17	0
0	1	17	0
0	1	17	0
0	1	17	0
0	1	17	0
0	1	17	0
0	1	17	0
0	1	17	0
0	1	17	0
0	1	17	0
0	1	17	0
0	1	17	0
0	1	17	0
0	1	17	0
0	1	17	0
0	1	17	0
0	1	17	0
0	1	17	0
0	1	17	0
0	1	17	0
0	1	17	0
0	1	17	0
0	1	17	0
0	1	17	0
0	1	17	0
0	1	17	0
0	1	17	0
0	1	17	0
0	1	17	0
0	1	17	0
0	1	17	0
0	1	17	0
0	1	17	0
0	1	17	0
0	1	17	0
0	1	17	0
0	1	17	0
0	1	17	0
0	1	17	0
0	1	17	0
0	1	17	0
0	1	17	0
0	1	17	0
0	1	17	0
0	1	17	0
0	1	17	0
0	1	17	0
0	1	17	0
0	1	17	0
0	1	17	0
0	1	17	0
0	1	17	0
0	1	17	0
0	1	17	0
0	1	17	0
0	1	17	0
0	1	17	0
0	1	17	0
0	1	17	0
0	1	17	0
0	1	17	0
0	1	17	0
0	1	17	0
0	1	17	0
0	1	17	0
0	1	17	0
18	1	18	14
20	1	18	15
15	1	18	5
14	1	18	4
13	1	18	3
-15	1	18	2
25	1	18	1
24	1	18	17
19	1	18	24
9	1	18	19
4	1	18	-14
5	1	18	9
3	1	18	-15
8	1	18	20
7	1	18	25
2	1	18	-24
1	1	18	23
99	1	18	18
16	1	18	13
1100	1	18	-9
12	1	18	800
23	1	18	7
17	1	18	12
6	1	18	22
-17	1	18	21
11	1	18	16
22	1	18	11
0	1	18	-17
0	1	18	-22
0	1	18	-21
0	1	18	-16
0	1	18	-11
0	1	18	-12
0	1	18	-18
0	1	18	-23
0	1	18	-22
0	1	18	-21
0	1	18	-25
0	1	18	-15
0	1	18	10
0	1	18	-4
0	1	18	-3
0	1	18	-2
0	1	18	-1
0	1	18	6
0	1	18	-11
0	1	18	-16
0	1	18	-21
0	1	18	-16
0	1	18	0
0	1	18	0
0	1	18	0
0	1	18	0
0	1	18	0
0	1	18	0
0	1	18	0
0	1	18	0
0	1	18	0
0	1	18	0
0	1	18	0
0	1	18	0
0	1	18	0
0	1	18	0
0	1	18	0
0	1	18	0
0	1	18	0
0	1	18	0
0	1	18	0
0	1	18	0
0	1	18	0
0	1	18	0
0	1	18	0
0	1	18	0
0	1	18	0
0	1	18	0
0	1	18	0
0	1	18	0
0	1	18	0
0	1	18	0
0	1	18	0
0	1	18	0
0	1	18	0
0	1	18	0
0	1	18	0
0	1	18	0
0	1	18	0
0	1	18	0
0	1	18	0
0	1	18	0
0	1	18	0
0	1	18	0
0	1	18	0
0	1	18	0
0	1	18	0
0	1	18	0
0	1	18	0
0	1	18	0
0	1	18	0
0	1	18	0
0	1	18	0
18	1	19	20
20	1	19	15
15	1	19	19
14	1	19	25
13	1	19	-15
-15	1	19	10
25	1	19	5
24	1	19	300
19	1	19	4
9	1	19	3
4	1	19	2
5	1	19	6
3	1	19	23
8	1	19	24
7	1	19	14
2	1	19	9
1	1	19	-4
99	1	19	-3
16	1	19	8
1100	1	19	7
12	1	19	11
23	1	19	12
17	1	19	-6
6	1	19	1
-17	1	19	2200
11	1	19	17
22	1	19	-12
0	1	19	-11
0	1	19	-6
0	1	19	-1
0	1	19	1600
0	1	19	21
0	1	19	16
0	1	19	22
0	1	19	-21
0	1	19	-22
0	1	19	-23
0	1	19	-24
0	1	19	-25
0	1	19	-14
0	1	19	-10
0	1	19	-9
0	1	19	-8
0	1	19	-7
0	1	19	-6
0	1	19	-11
0	1	19	-16
0	1	19	-21
0	1	19	0
0	1	19	0
0	1	19	0
0	1	19	0
0	1	19	0
0	1	19	0
0	1	19	0
0	1	19	0
0	1	19	0
0	1	19	0
0	1	19	0
0	1	19	0
0	1	19	0
0	1	19	0
0	1	19	0
0	1	19	0
0	1	19	0
0	1	19	0
0	1	19	0
0	1	19	0
0	1	19	0
0	1	19	0
0	1	19	0
0	1	19	0
0	1	19	0
0	1	19	0
0	1	19	0
0	1	19	0
0	1	19	0
0	1	19	0
0	1	19	0
0	1	19	0
0	1	19	0
0	1	19	0
0	1	19	0
0	1	19	0
0	1	19	0
0	1	19	0
0	1	19	0
0	1	19	0
0	1	19	0
0	1	19	0
0	1	19	0
0	1	19	0
0	1	19	0
0	1	19	0
0	1	19	0
0	1	19	0
0	1	19	0
0	1	19	0
0	1	19	0
0	1	19	0
18	1	20	19
20	1	20	24
15	1	20	25
14	1	20	20
13	1	20	10
-15	1	20	5
25	1	20	-24
24	1	20	-25
19	1	20	-19
9	1	20	14
4	1	20	9
5	1	20	4
3	1	20	3
8	1	20	7
7	1	20	2
2	1	20	8
1	1	20	13
99	1	20	17
16	1	20	22
1100	1	20	21
12	1	20	16
23	1	20	11
17	1	20	-11
6	1	20	6
-17	1	20	-7
11	1	20	1
22	1	20	-8
0	1	20	-13
0	1	20	18
0	1	20	23
0	1	20	-19
0	1	20	-20
0	1	20	15
0	1	20	-15
0	1	20	-10
0	1	20	-4
0	1	20	-2
0	1	20	12
0	1	20	99
0	1	20	-21
0	1	20	-16
0	1	20	999
0	1	20	-23
0	1	20	-13
0	1	20	-14
0	1	20	-15
0	1	20	-10
0	1	20	-4
0	1	20	-3
0	1	20	0
0	1	20	0
0	1	20	0
0	1	20	0
0	1	20	0
0	1	20	0
0	1	20	0
0	1	20	0
0	1	20	0
0	1	20	0
0	1	20	0
0	1	20	0
0	1	20	0
0	1	20	0
0	1	20	0
0	1	20	0
0	1	20	0
0	1	20	0
0	1	20	0
0	1	20	0
0	1	20	0
0	1	20	0
0	1	20	0
0	1	20	0
0	1	20	0
0	1	20	0
0	1	20	0
0	1	20	0
0	1	20	0
0	1	20	0
0	1	20	0
0	1	20	0
0	1	20	0
0	1	20	0
0	1	20	0
0	1	20	0
0	1	20	0
0	1	20	0
0	1	20	0
0	1	20	0
0	1	20	0
0	1	20	0
0	1	20	0
0	1	20	0
0	1	20	0
0	1	20	0
0	1	20	0
0	1	20	0
0	1	20	0
0	1	20	0
0	1	20	0
18	1	21	22
20	1	21	1600
15	1	21	17
14	1	21	16
13	1	21	-17
-15	1	21	1800
25	1	21	13
24	1	21	8
19	1	21	3
9	1	21	-22
4	1	21	23
5	1	21	18
3	1	21	24
8	1	21	19
7	1	21	14
2	1	21	1500
1	1	21	2000
99	1	21	1000
16	1	21	5
1100	1	21	4
12	1	21	-3
23	1	21	2
17	1	21	7
6	1	21	12
-17	1	21	11
11	1	21	-22
22	1	21	-17
0	1	21	-12
0	1	21	-11
0	1	21	6
0	1	21	-7
0	1	21	1
0	1	21	-3
0	1	21	-17
0	1	21	25
0	1	21	20
0	1	21	15
0	1	21	10
0	1	21	-4
0	1	21	-14
0	1	21	-8
0	1	21	-13
0	1	21	-18
0	1	21	-23
0	1	21	-22
0	1	21	21
0	1	21	-11
0	1	21	999
0	1	21	-19
0	1	21	-24
0	1	21	-25
0	1	21	9
0	1	21	-8
0	1	21	-7
0	1	21	-6
0	1	21	-11
0	1	21	-12
0	1	21	-17
0	1	21	-22
0	1	21	-21
0	1	21	-24
0	1	21	0
0	1	21	0
0	1	21	0
0	1	21	0
0	1	21	0
0	1	21	0
0	1	21	0
0	1	21	0
0	1	21	0
0	1	21	0
0	1	21	0
0	1	21	0
0	1	21	0
0	1	21	0
0	1	21	0
0	1	21	0
0	1	21	0
0	1	21	0
0	1	21	0
0	1	21	0
0	1	21	0
0	1	21	0
0	1	21	0
0	1	21	0
0	1	21	0
0	1	21	0
0	1	21	0
0	1	21	0
0	1	21	0
0	1	21	0
0	1	21	0
0	1	21	0
0	1	21	0
0	1	21	0
0	1	21	0
0	1	21	0
0	1	21	0
0	1	21	0
0	1	21	0
18	1	22	25
20	1	22	20
15	1	22	15
14	1	22	10
13	1	22	9
-15	1	22	5
25	1	22	4
24	1	22	3
19	1	22	2
9	1	22	8
4	1	22	14
5	1	22	19
3	1	22	24
8	1	22	18
7	1	22	13
2	1	22	7
1	1	22	12
99	1	22	16
16	1	22	22
1100	1	22	17
12	1	22	-17
23	1	22	11
17	1	22	6
6	1	22	1
-17	1	22	21
11	1	22	23
22	1	22	999
0	1	22	-24
0	1	22	-23
0	1	22	-13
0	1	22	-8
0	1	22	-7
0	1	22	-12
0	1	22	999
0	1	22	-25
0	1	22	-20
0	1	22	-14
0	1	22	-9
0	1	22	0
0	1	22	0
0	1	22	0
0	1	22	0
0	1	22	0
0	1	22	0
0	1	22	0
0	1	22	0
0	1	22	0
0	1	22	0
0	1	22	0
0	1	22	0
0	1	22	0
0	1	22	0
0	1	22	0
0	1	22	0
0	1	22	0
0	1	22	0
0	1	22	0
0	1	22	0
0	1	22	0
0	1	22	0
0	1	22	0
0	1	22	0
0	1	22	0
0	1	22	0
0	1	22	0
0	1	22	0
0	1	22	0
0	1	22	0
0	1	22	0
0	1	22	0
0	1	22	0
0	1	22	0
0	1	22	0
0	1	22	0
0	1	22	0
0	1	22	0
0	1	22	0
0	1	22	0
0	1	22	0
0	1	22	0
0	1	22	0
0	1	22	0
0	1	22	0
0	1	22	0
0	1	22	0
0	1	22	0
0	1	22	0
0	1	22	0
0	1	22	0
0	1	22	0
0	1	22	0
0	1	22	0
0	1	22	0
0	1	22	0
0	1	22	0
0	1	22	0
0	1	22	0
0	1	22	0
0	1	22	0
0	1	22	0
18	1	23	19
20	1	23	25
15	1	23	20
14	1	23	15
13	1	23	10
-15	1	23	5
25	1	23	4
24	1	23	200
19	1	23	3
9	1	23	9
4	1	23	14
5	1	23	13
3	1	23	18
8	1	23	24
7	1	23	23
2	1	23	22
1	1	23	17
99	1	23	12
16	1	23	7
1100	1	23	2
12	1	23	8
23	1	23	6
17	1	23	-22
6	1	23	-23
-17	1	23	16
11	1	23	21
22	1	23	11
0	1	23	1
0	1	23	-19
0	1	23	-25
0	1	23	-24
0	1	23	999
0	1	23	-19
0	1	23	-12
0	1	23	-3
0	1	23	-5
0	1	23	-10
0	1	23	-15
0	1	23	-19
0	1	23	-24
0	1	23	-25
0	1	23	0
0	1	23	0
0	1	23	0
0	1	23	0
0	1	23	0
0	1	23	0
0	1	23	0
0	1	23	0
0	1	23	0
0	1	23	0
0	1	23	0
0	1	23	0
0	1	23	0
0	1	23	0
0	1	23	0
0	1	23	0
0	1	23	0
0	1	23	0
0	1	23	0
0	1	23	0
0	1	23	0
0	1	23	0
0	1	23	0
0	1	23	0
0	1	23	0
0	1	23	0
0	1	23	0
0	1	23	0
0	1	23	0
0	1	23	0
0	1	23	0
0	1	23	0
0	1	23	0
0	1	23	0
0	1	23	0
0	1	23	0
0	1	23	0
0	1	23	0
0	1	23	0
0	1	23	0
0	1	23	0
0	1	23	0
0	1	23	0
0	1	23	0
0	1	23	0
0	1	23	0
0	1	23	0
0	1	23	0
0	1	23	0
0	1	23	0
0	1	23	0
0	1	23	0
0	1	23	0
0	1	23	0
0	1	23	0
0	1	23	0
0	1	23	0
0	1	23	0
0	1	23	0
18	1	24	19
20	1	24	25
15	1	24	20
14	1	24	15
13	1	24	10
-15	1	24	5
25	1	24	4
24	1	24	9
19	1	24	14
9	1	24	-25
4	1	24	24
5	1	24	23
3	1	24	-24
8	1	24	18
7	1	24	13
2	1	24	8
1	1	24	3
99	1	24	12
16	1	24	17
1100	1	24	16
12	1	24	22
23	1	24	21
17	1	24	11
6	1	24	7
-17	1	24	2
11	1	24	6
22	1	24	1
0	1	24	-23
0	1	24	999
0	1	24	-13
0	1	24	0
0	1	24	0
0	1	24	0
0	1	24	0
0	1	24	0
0	1	24	0
0	1	24	0
0	1	24	0
0	1	24	0
0	1	24	0
0	1	24	0
0	1	24	0
0	1	24	0
0	1	24	0
0	1	24	0
0	1	24	0
0	1	24	0
0	1	24	0
0	1	24	0
0	1	24	0
0	1	24	0
0	1	24	0
0	1	24	0
0	1	24	0
0	1	24	0
0	1	24	0
0	1	24	0
0	1	24	0
0	1	24	0
0	1	24	0
0	1	24	0
0	1	24	0
0	1	24	0
0	1	24	0
0	1	24	0
0	1	24	0
0	1	24	0
0	1	24	0
0	1	24	0
0	1	24	0
0	1	24	0
0	1	24	0
0	1	24	0
0	1	24	0
0	1	24	0
0	1	24	0
0	1	24	0
0	1	24	0
0	1	24	0
0	1	24	0
0	1	24	0
0	1	24	0
0	1	24	0
0	1	24	0
0	1	24	0
0	1	24	0
0	1	24	0
0	1	24	0
0	1	24	0
0	1	24	0
0	1	24	0
0	1	24	0
0	1	24	0
0	1	24	0
0	1	24	0
0	1	24	0
0	1	24	0
0	1	24	0
0	1	24	0
0	1	24	0
18	1	25	24
20	1	25	19
15	1	25	14
14	1	25	9
13	1	25	-24
-15	1	25	2500
25	1	25	20
24	1	25	15
19	1	25	13
9	1	25	8
4	1	25	3
5	1	25	2
3	1	25	1
8	1	25	6
7	1	25	11
2	1	25	22
1	1	25	17
99	1	25	12
16	1	25	7
1100	1	25	-11
12	1	25	-12
23	1	25	-13
17	1	25	18
6	1	25	23
-17	1	25	-19
11	1	25	-15
22	1	25	-14
0	1	25	-18
0	1	25	16
0	1	25	21
0	1	25	-21
0	1	25	-22
0	1	25	-18
0	1	25	-24
0	1	25	25
0	1	25	-15
0	1	25	-9
0	1	25	4
0	1	25	5
0	1	25	-1
0	1	25	-2
0	1	25	-6
0	1	25	-11
0	1	25	-16
0	1	25	-21
0	1	25	-23
0	1	25	-19
0	1	25	-24
0	1	25	-25
0	1	25	-15
0	1	25	10
0	1	25	-5
0	1	25	-4
0	1	25	-3
0	1	25	-2
0	1	25	-25
0	1	25	-24
0	1	25	-21
0	1	25	99
0	1	25	-25
0	1	25	-19
0	1	25	-20
0	1	25	-15
0	1	25	-9
0	1	25	-8
0	1	25	-13
0	1	25	-17
0	1	25	-12
0	1	25	-11
0	1	25	-7
0	1	25	-6
0	1	25	-2
0	1	25	-1
0	1	25	-3
0	1	25	-4
0	1	25	-10
0	1	25	-15
0	1	25	999
0	1	25	-22
0	1	25	-21
0	1	25	-23
0	1	25	-13
0	1	25	-12
0	1	25	999
0	1	25	-18
0	1	25	-19
0	1	25	-24
0	1	25	-25
0	1	25	-20
0	1	25	-5
0	1	25	-4
0	1	25	-3
0	1	25	-2
0	1	25	-12
0	1	25	-11
0	1	25	-1
0	1	25	-2
0	1	25	-8
0	1	25	-13
0	1	25	-19
18	1	26	20
20	1	26	15
15	1	26	10
14	1	26	5
13	1	26	4
-15	1	26	3
25	1	26	9
24	1	26	8
19	1	26	17
9	1	26	2300
4	1	26	24
5	1	26	19
3	1	26	14
8	1	26	13
7	1	26	12
2	1	26	7
1	1	26	2
99	1	26	1
16	1	26	1100
1100	1	26	1600
12	1	26	2300
23	1	26	-24
17	1	26	25
6	1	26	23
-17	1	26	18
11	1	26	22
22	1	26	21
0	1	26	16
0	1	26	11
0	1	26	6
0	1	26	-24
0	1	26	0
0	1	26	0
0	1	26	0
0	1	26	0
0	1	26	0
0	1	26	0
0	1	26	0
0	1	26	0
0	1	26	0
0	1	26	0
0	1	26	0
0	1	26	0
0	1	26	0
0	1	26	0
0	1	26	0
0	1	26	0
0	1	26	0
0	1	26	0
0	1	26	0
0	1	26	0
0	1	26	0
0	1	26	0
0	1	26	0
0	1	26	0
0	1	26	0
0	1	26	0
0	1	26	0
0	1	26	0
0	1	26	0
0	1	26	0
0	1	26	0
0	1	26	0
0	1	26	0
0	1	26	0
0	1	26	0
0	1	26	0
0	1	26	0
0	1	26	0
0	1	26	0
0	1	26	0
0	1	26	0
0	1	26	0
0	1	26	0
0	1	26	0
0	1	26	0
0	1	26	0
0	1	26	0
0	1	26	0
0	1	26	0
0	1	26	0
0	1	26	0
0	1	26	0
0	1	26	0
0	1	26	0
0	1	26	0
0	1	26	0
0	1	26	0
0	1	26	0
0	1	26	0
0	1	26	0
0	1	26	0
0	1	26	0
0	1	26	0
0	1	26	0
0	1	26	0
0	1	26	0
0	1	26	0
0	1	26	0
0	1	26	0
18	1	27	14
20	1	27	25
15	1	27	20
14	1	27	15
13	1	27	9
-15	1	27	18
25	1	27	-14
24	1	27	-9
19	1	27	4
9	1	27	3
4	1	27	2
5	1	27	1
3	1	27	6
8	1	27	11
7	1	27	17
2	1	27	22
1	1	27	2300
99	1	27	24
16	1	27	19
1100	1	27	13
12	1	27	12
23	1	27	-11
17	1	27	16
6	1	27	21
-17	1	27	-22
11	1	27	23
22	1	27	-24
0	1	27	-25
0	1	27	-15
0	1	27	10
0	1	27	-9
0	1	27	5
0	1	27	-4
0	1	27	-3
0	1	27	-2
0	1	27	-1
0	1	27	-6
0	1	27	-11
0	1	27	-16
0	1	27	-21
0	1	27	-22
0	1	27	-25
0	1	27	-15
0	1	27	-5
0	1	27	-4
0	1	27	999
0	1	27	-22
0	1	27	-18
0	1	27	-14
0	1	27	-9
0	1	27	7
0	1	27	-25
0	1	27	-19
0	1	27	-13
0	1	27	-6
0	1	27	8
0	1	27	-13
0	1	27	-9
0	1	27	-17
0	1	27	-16
0	1	27	-22
0	1	27	-25
0	1	27	-10
0	1	27	99
0	1	27	-22
0	1	27	-23
0	1	27	-24
0	1	27	-9
0	1	27	-5
0	1	27	-4
0	1	27	-2
0	1	27	-3
0	1	27	-1
0	1	27	999
0	1	27	-9
0	1	27	-15
0	1	27	-14
0	1	27	0
0	1	27	0
0	1	27	0
0	1	27	0
0	1	27	0
0	1	27	0
0	1	27	0
0	1	27	0
0	1	27	0
0	1	27	0
0	1	27	0
0	1	27	0
0	1	27	0
0	1	27	0
0	1	27	0
0	1	27	0
0	1	27	0
0	1	27	0
0	1	27	0
0	1	27	0
0	1	27	0
0	1	27	0
0	1	27	0
18	1	28	19
20	1	28	25
15	1	28	20
14	1	28	15
13	1	28	10
-15	1	28	5
25	1	28	4
24	1	28	24
19	1	28	-25
9	1	28	-15
4	1	28	-5
5	1	28	-4
3	1	28	3
8	1	28	2
7	1	28	12
2	1	28	17
1	1	28	23
99	1	28	18
16	1	28	-19
1100	1	28	14
12	1	28	-25
23	1	28	-23
17	1	28	-24
6	1	28	22
-17	1	28	16
11	1	28	2100
22	1	28	11
0	1	28	6
0	1	28	1
0	1	28	-2
0	1	28	7
0	1	28	13
0	1	28	8
0	1	28	-7
0	1	28	-17
0	1	28	-16
0	1	28	-22
0	1	28	-23
0	1	28	-24
0	1	28	-25
0	1	28	-15
0	1	28	9
0	1	28	-8
0	1	28	-4
0	1	28	-5
0	1	28	-2
0	1	28	-6
0	1	28	-11
0	1	28	-16
0	1	28	21
0	1	28	-23
0	1	28	-24
0	1	28	-25
0	1	28	-15
0	1	28	-9
0	1	28	-21
0	1	28	99
0	1	28	-21
0	1	28	-11
0	1	28	-12
0	1	28	-13
0	1	28	99
0	1	28	-18
0	1	28	-19
0	1	28	-14
0	1	28	-9
0	1	28	-8
0	1	28	-3
0	1	28	-5
0	1	28	-3
0	1	28	-2
0	1	28	-10
0	1	28	99
0	1	28	-23
0	1	28	99
0	1	28	-21
0	1	28	-16
0	1	28	-17
0	1	28	-13
0	1	28	-20
0	1	28	-10
0	1	28	-8
0	1	28	-4
0	1	28	-3
0	1	28	0
0	1	28	0
0	1	28	0
0	1	28	0
0	1	28	0
0	1	28	0
0	1	28	0
0	1	28	0
0	1	28	0
0	1	28	0
0	1	28	0
0	1	28	0
0	1	28	0
0	1	28	0
0	1	28	0
0	1	28	0
18	1	29	20
20	1	29	15
15	1	29	10
14	1	29	5
13	1	29	4
-15	1	29	9
25	1	29	3
24	1	29	8
19	1	29	19
9	1	29	25
4	1	29	14
5	1	29	13
3	1	29	22
8	1	29	18
7	1	29	23
2	1	29	24
1	1	29	-18
99	1	29	17
16	1	29	12
1100	1	29	7
12	1	29	2
23	1	29	1
17	1	29	6
6	1	29	11
-17	1	29	21
11	1	29	16
22	1	29	-25
0	1	29	99
0	1	29	-19
0	1	29	-8
0	1	29	999
0	1	29	-25
0	1	29	999
0	1	29	-23
0	1	29	-24
0	1	29	-14
0	1	29	-4
0	1	29	0
0	1	29	0
0	1	29	0
0	1	29	0
0	1	29	0
0	1	29	0
0	1	29	0
0	1	29	0
0	1	29	0
0	1	29	0
0	1	29	0
0	1	29	0
0	1	29	0
0	1	29	0
0	1	29	0
0	1	29	0
0	1	29	0
0	1	29	0
0	1	29	0
0	1	29	0
0	1	29	0
0	1	29	0
0	1	29	0
0	1	29	0
0	1	29	0
0	1	29	0
0	1	29	0
0	1	29	0
0	1	29	0
0	1	29	0
0	1	29	0
0	1	29	0
0	1	29	0
0	1	29	0
0	1	29	0
0	1	29	0
0	1	29	0
0	1	29	0
0	1	29	0
0	1	29	0
0	1	29	0
0	1	29	0
0	1	29	0
0	1	29	0
0	1	29	0
0	1	29	0
0	1	29	0
0	1	29	0
0	1	29	0
0	1	29	0
0	1	29	0
0	1	29	0
0	1	29	0
0	1	29	0
0	1	29	0
0	1	29	0
0	1	29	0
0	1	29	0
0	1	29	0
0	1	29	0
0	1	29	0
0	1	29	0
0	1	29	0
18	1	30	13
20	1	30	14
15	1	30	2400
14	1	30	25
13	1	30	19
-15	1	30	15
25	1	30	10
24	1	30	5
19	1	30	4
9	1	30	3
4	1	30	2
5	1	30	1
3	1	30	1200
8	1	30	7
7	1	30	12
2	1	30	18
1	1	30	8
99	1	30	24
16	1	30	-25
1100	1	30	-19
12	1	30	20
23	1	30	-15
17	1	30	-14
6	1	30	9
-17	1	30	-8
11	1	30	-13
22	1	30	-18
0	1	30	17
0	1	30	22
0	1	30	16
0	1	30	11
0	1	30	-11
0	1	30	6
0	1	30	-16
0	1	30	21
0	1	30	23
0	1	30	-25
0	1	30	-15
0	1	30	-8
0	1	30	-7
0	1	30	-6
0	1	30	-3
0	1	30	-5
0	1	30	-10
0	1	30	-22
0	1	30	-21
0	1	30	0
0	1	30	0
0	1	30	0
0	1	30	0
0	1	30	0
0	1	30	0
0	1	30	0
0	1	30	0
0	1	30	0
0	1	30	0
0	1	30	0
0	1	30	0
0	1	30	0
0	1	30	0
0	1	30	0
0	1	30	0
0	1	30	0
0	1	30	0
0	1	30	0
0	1	30	0
0	1	30	0
0	1	30	0
0	1	30	0
0	1	30	0
0	1	30	0
0	1	30	0
0	1	30	0
0	1	30	0
0	1	30	0
0	1	30	0
0	1	30	0
0	1	30	0
0	1	30	0
0	1	30	0
0	1	30	0
0	1	30	0
0	1	30	0
0	1	30	0
0	1	30	0
0	1	30	0
0	1	30	0
0	1	30	0
0	1	30	0
0	1	30	0
0	1	30	0
0	1	30	0
0	1	30	0
0	1	30	0
0	1	30	0
0	1	30	0
0	1	30	0
0	1	30	0
0	1	30	0
0	1	30	0
18	1	31	19
20	1	31	14
15	1	31	13
14	1	31	12
13	1	31	11
-15	1	31	16
25	1	31	22
24	1	31	23
19	1	31	18
9	1	31	-19
4	1	31	24
5	1	31	20
3	1	31	-24
8	1	31	25
7	1	31	15
2	1	31	-14
1	1	31	1000
99	1	31	900
16	1	31	10
1100	1	31	5
12	1	31	9
23	1	31	4
17	1	31	3
6	1	31	7
-17	1	31	2
11	1	31	6
22	1	31	1
0	1	31	-2
0	1	31	-7
0	1	31	8
0	1	31	17
0	1	31	-22
0	1	31	-23
0	1	31	2100
0	1	31	-22
0	1	31	21
0	1	31	-11
0	1	31	-12
0	1	31	-13
0	1	31	-24
0	1	31	-25
0	1	31	-15
0	1	31	-9
0	1	31	-5
0	1	31	-4
0	1	31	999
0	1	31	-23
0	1	31	-14
0	1	31	-8
0	1	31	-5
0	1	31	0
0	1	31	0
0	1	31	0
0	1	31	0
0	1	31	0
0	1	31	0
0	1	31	0
0	1	31	0
0	1	31	0
0	1	31	0
0	1	31	0
0	1	31	0
0	1	31	0
0	1	31	0
0	1	31	0
0	1	31	0
0	1	31	0
0	1	31	0
0	1	31	0
0	1	31	0
0	1	31	0
0	1	31	0
0	1	31	0
0	1	31	0
0	1	31	0
0	1	31	0
0	1	31	0
0	1	31	0
0	1	31	0
0	1	31	0
0	1	31	0
0	1	31	0
0	1	31	0
0	1	31	0
0	1	31	0
0	1	31	0
0	1	31	0
0	1	31	0
0	1	31	0
0	1	31	0
0	1	31	0
0	1	31	0
0	1	31	0
0	1	31	0
0	1	31	0
0	1	31	0
0	1	31	0
0	1	31	0
0	1	31	0
0	1	31	0
18	1	32	23
20	1	32	24
15	1	32	25
14	1	32	20
13	1	32	15
-15	1	32	10
25	1	32	5
24	1	32	4
19	1	32	3
9	1	32	2
4	1	32	7
5	1	32	12
3	1	32	18
8	1	32	13
7	1	32	14
2	1	32	9
1	1	32	19
99	1	32	-25
16	1	32	22
1100	1	32	17
12	1	32	11
23	1	32	6
17	1	32	1
6	1	32	8
-17	1	32	21
11	1	32	99
22	1	32	16
0	1	32	999
0	1	32	-17
0	1	32	-18
0	1	32	-10
0	1	32	-15
0	1	32	999
0	1	32	-19
0	1	32	0
0	1	32	0
0	1	32	0
0	1	32	0
0	1	32	0
0	1	32	0
0	1	32	0
0	1	32	0
0	1	32	0
0	1	32	0
0	1	32	0
0	1	32	0
0	1	32	0
0	1	32	0
0	1	32	0
0	1	32	0
0	1	32	0
0	1	32	0
0	1	32	0
0	1	32	0
0	1	32	0
0	1	32	0
0	1	32	0
0	1	32	0
0	1	32	0
0	1	32	0
0	1	32	0
0	1	32	0
0	1	32	0
0	1	32	0
0	1	32	0
0	1	32	0
0	1	32	0
0	1	32	0
0	1	32	0
0	1	32	0
0	1	32	0
0	1	32	0
0	1	32	0
0	1	32	0
0	1	32	0
0	1	32	0
0	1	32	0
0	1	32	0
0	1	32	0
0	1	32	0
0	1	32	0
0	1	32	0
0	1	32	0
0	1	32	0
0	1	32	0
0	1	32	0
0	1	32	0
0	1	32	0
0	1	32	0
0	1	32	0
0	1	32	0
0	1	32	0
0	1	32	0
0	1	32	0
0	1	32	0
0	1	32	0
0	1	32	0
0	1	32	0
0	1	32	0
0	1	32	0
18	1	33	15
20	1	33	25
15	1	33	20
14	1	33	-15
13	1	33	10
-15	1	33	5
25	1	33	4
24	1	33	3
19	1	33	2
9	1	33	1
4	1	33	600
5	1	33	7
3	1	33	6
8	1	33	22
7	1	33	23
2	1	33	18
1	1	33	13
99	1	33	14
16	1	33	9
1100	1	33	8
12	1	33	-7
23	1	33	-6
17	1	33	17
6	1	33	2100
-17	1	33	-22
11	1	33	1600
22	1	33	12
0	1	33	-17
0	1	33	-23
0	1	33	24
0	1	33	19
0	1	33	-25
0	1	33	-15
0	1	33	-20
0	1	33	-18
0	1	33	-17
0	1	33	16
0	1	33	21
0	1	33	-22
0	1	33	-23
0	1	33	-13
0	1	33	-7
0	1	33	-4
0	1	33	-10
0	1	33	-15
0	1	33	99
0	1	33	-21
0	1	33	0
0	1	33	0
0	1	33	0
0	1	33	0
0	1	33	0
0	1	33	0
0	1	33	0
0	1	33	0
0	1	33	0
0	1	33	0
0	1	33	0
0	1	33	0
0	1	33	0
0	1	33	0
0	1	33	0
0	1	33	0
0	1	33	0
0	1	33	0
0	1	33	0
0	1	33	0
0	1	33	0
0	1	33	0
0	1	33	0
0	1	33	0
0	1	33	0
0	1	33	0
0	1	33	0
0	1	33	0
0	1	33	0
0	1	33	0
0	1	33	0
0	1	33	0
0	1	33	0
0	1	33	0
0	1	33	0
0	1	33	0
0	1	33	0
0	1	33	0
0	1	33	0
0	1	33	0
0	1	33	0
0	1	33	0
0	1	33	0
0	1	33	0
0	1	33	0
0	1	33	0
0	1	33	0
0	1	33	0
0	1	33	0
0	1	33	0
0	1	33	0
0	1	33	0
0	1	33	0
18	1	34	20
20	1	34	25
15	1	34	15
14	1	34	10
13	1	34	-10
-15	1	34	5
25	1	34	4
24	1	34	3
19	1	34	2
9	1	34	1
4	1	34	6
5	1	34	12
3	1	34	17
8	1	34	23
7	1	34	24
2	1	34	19
1	1	34	14
99	1	34	900
16	1	34	800
1100	1	34	9
12	1	34	800
23	1	34	1300
17	1	34	8
6	1	34	-9
-17	1	34	-10
11	1	34	-15
22	1	34	-20
0	1	34	-25
0	1	34	-23
0	1	34	18
0	1	34	13
0	1	34	-17
0	1	34	22
0	1	34	21
0	1	34	16
0	1	34	-21
0	1	34	-12
0	1	34	11
0	1	34	-23
0	1	34	-19
0	1	34	-13
0	1	34	-12
0	1	34	7
0	1	34	-12
0	1	34	-11
0	1	34	-7
0	1	34	-1
0	1	34	-16
0	1	34	-21
0	1	34	-22
0	1	34	-23
0	1	34	-24
0	1	34	-25
0	1	34	-15
0	1	34	-9
0	1	34	-5
0	1	34	999
0	1	34	-14
0	1	34	0
0	1	34	0
0	1	34	0
0	1	34	0
0	1	34	0
0	1	34	0
0	1	34	0
0	1	34	0
0	1	34	0
0	1	34	0
0	1	34	0
0	1	34	0
0	1	34	0
0	1	34	0
0	1	34	0
0	1	34	0
0	1	34	0
0	1	34	0
0	1	34	0
0	1	34	0
0	1	34	0
0	1	34	0
0	1	34	0
0	1	34	0
0	1	34	0
0	1	34	0
0	1	34	0
0	1	34	0
0	1	34	0
0	1	34	0
0	1	34	0
0	1	34	0
0	1	34	0
0	1	34	0
0	1	34	0
0	1	34	0
0	1	34	0
0	1	34	0
0	1	34	0
0	1	34	0
0	1	34	0
0	1	34	0
18	1	35	19
20	1	35	14
15	1	35	9
14	1	35	10
13	1	35	5
-15	1	35	4
25	1	35	3
24	1	35	2
19	1	35	7
9	1	35	8
4	1	35	-14
5	1	35	15
3	1	35	20
8	1	35	25
7	1	35	23
2	1	35	22
1	1	35	17
99	1	35	12
16	1	35	13
1100	1	35	-7
12	1	35	6
23	1	35	1
17	1	35	11
6	1	35	16
-17	1	35	-22
11	1	35	-23
22	1	35	-22
0	1	35	21
0	1	35	-22
0	1	35	-23
0	1	35	18
0	1	35	24
0	1	35	-14
0	1	35	-13
0	1	35	-4
0	1	35	-5
0	1	35	-2
0	1	35	-1
0	1	35	-6
0	1	35	-11
0	1	35	-16
0	1	35	-21
0	1	35	0
0	1	35	0
0	1	35	0
0	1	35	0
0	1	35	0
0	1	35	0
0	1	35	0
0	1	35	0
0	1	35	0
0	1	35	0
0	1	35	0
0	1	35	0
0	1	35	0
0	1	35	0
0	1	35	0
0	1	35	0
0	1	35	0
0	1	35	0
0	1	35	0
0	1	35	0
0	1	35	0
0	1	35	0
0	1	35	0
0	1	35	0
0	1	35	0
0	1	35	0
0	1	35	0
0	1	35	0
0	1	35	0
0	1	35	0
0	1	35	0
0	1	35	0
0	1	35	0
0	1	35	0
0	1	35	0
0	1	35	0
0	1	35	0
0	1	35	0
0	1	35	0
0	1	35	0
0	1	35	0
0	1	35	0
0	1	35	0
0	1	35	0
0	1	35	0
0	1	35	0
0	1	35	0
0	1	35	0
0	1	35	0
0	1	35	0
0	1	35	0
0	1	35	0
0	1	35	0
0	1	35	0
0	1	35	0
0	1	35	0
0	1	35	0
0	1	35	0
18	1	36	15
20	1	36	24
15	1	36	20
14	1	36	25
13	1	36	19
-15	1	36	14
25	1	36	9
24	1	36	10
19	1	36	5
9	1	36	4
4	1	36	18
5	1	36	-24
3	1	36	23
8	1	36	17
7	1	36	13
2	1	36	8
1	1	36	-9
99	1	36	3
16	1	36	2
1100	1	36	1
12	1	36	7
23	1	36	12
17	1	36	16
6	1	36	22
-17	1	36	21
11	1	36	11
22	1	36	6
0	1	36	0
0	1	36	0
0	1	36	0
0	1	36	0
0	1	36	0
0	1	36	0
0	1	36	0
0	1	36	0
0	1	36	0
0	1	36	0
0	1	36	0
0	1	36	0
0	1	36	0
0	1	36	0
0	1	36	0
0	1	36	0
0	1	36	0
0	1	36	0
0	1	36	0
0	1	36	0
0	1	36	0
0	1	36	0
0	1	36	0
0	1	36	0
0	1	36	0
0	1	36	0
0	1	36	0
0	1	36	0
0	1	36	0
0	1	36	0
0	1	36	0
0	1	36	0
0	1	36	0
0	1	36	0
0	1	36	0
0	1	36	0
0	1	36	0
0	1	36	0
0	1	36	0
0	1	36	0
0	1	36	0
0	1	36	0
0	1	36	0
0	1	36	0
0	1	36	0
0	1	36	0
0	1	36	0
0	1	36	0
0	1	36	0
0	1	36	0
0	1	36	0
0	1	36	0
0	1	36	0
0	1	36	0
0	1	36	0
0	1	36	0
0	1	36	0
0	1	36	0
0	1	36	0
0	1	36	0
0	1	36	0
0	1	36	0
0	1	36	0
0	1	36	0
0	1	36	0
0	1	36	0
0	1	36	0
0	1	36	0
0	1	36	0
0	1	36	0
0	1	36	0
0	1	36	0
0	1	36	0
18	1	37	14
20	1	37	9
15	1	37	1000
14	1	37	15
13	1	37	10
-15	1	37	5
25	1	37	4
24	1	37	3
19	1	37	2
9	1	37	1
4	1	37	24
5	1	37	25
3	1	37	19
8	1	37	18
7	1	37	13
2	1	37	8
1	1	37	-14
99	1	37	-15
16	1	37	20
1100	1	37	-25
12	1	37	-24
23	1	37	23
17	1	37	22
6	1	37	17
-17	1	37	12
11	1	37	16
22	1	37	11
0	1	37	6
0	1	37	7
0	1	37	-23
0	1	37	-24
0	1	37	-11
0	1	37	-7
0	1	37	-12
0	1	37	21
0	1	37	-21
0	1	37	-22
0	1	37	-19
0	1	37	-15
0	1	37	-10
0	1	37	-4
0	1	37	-3
0	1	37	0
0	1	37	0
0	1	37	0
0	1	37	0
0	1	37	0
0	1	37	0
0	1	37	0
0	1	37	0
0	1	37	0
0	1	37	0
0	1	37	0
0	1	37	0
0	1	37	0
0	1	37	0
0	1	37	0
0	1	37	0
0	1	37	0
0	1	37	0
0	1	37	0
0	1	37	0
0	1	37	0
0	1	37	0
0	1	37	0
0	1	37	0
0	1	37	0
0	1	37	0
0	1	37	0
0	1	37	0
0	1	37	0
0	1	37	0
0	1	37	0
0	1	37	0
0	1	37	0
0	1	37	0
0	1	37	0
0	1	37	0
0	1	37	0
0	1	37	0
0	1	37	0
0	1	37	0
0	1	37	0
0	1	37	0
0	1	37	0
0	1	37	0
0	1	37	0
0	1	37	0
0	1	37	0
0	1	37	0
0	1	37	0
0	1	37	0
0	1	37	0
0	1	37	0
0	1	37	0
0	1	37	0
0	1	37	0
0	1	37	0
0	1	37	0
0	1	37	0
18	1	38	2400
20	1	38	18
15	1	38	13
14	1	38	12
13	1	38	14
-15	1	38	9
25	1	38	-18
24	1	38	800
19	1	38	-18
9	1	38	8
4	1	38	10
5	1	38	4
3	1	38	3
8	1	38	7
7	1	38	19
2	1	38	24
1	1	38	25
99	1	38	20
16	1	38	15
1100	1	38	5
12	1	38	2
23	1	38	17
17	1	38	23
6	1	38	16
-17	1	38	11
11	1	38	6
22	1	38	1
0	1	38	22
0	1	38	21
0	1	38	0
0	1	38	0
0	1	38	0
0	1	38	0
0	1	38	0
0	1	38	0
0	1	38	0
0	1	38	0
0	1	38	0
0	1	38	0
0	1	38	0
0	1	38	0
0	1	38	0
0	1	38	0
0	1	38	0
0	1	38	0
0	1	38	0
0	1	38	0
0	1	38	0
0	1	38	0
0	1	38	0
0	1	38	0
0	1	38	0
0	1	38	0
0	1	38	0
0	1	38	0
0	1	38	0
0	1	38	0
0	1	38	0
0	1	38	0
0	1	38	0
0	1	38	0
0	1	38	0
0	1	38	0
0	1	38	0
0	1	38	0
0	1	38	0
0	1	38	0
0	1	38	0
0	1	38	0
0	1	38	0
0	1	38	0
0	1	38	0
0	1	38	0
0	1	38	0
0	1	38	0
0	1	38	0
0	1	38	0
0	1	38	0
0	1	38	0
0	1	38	0
0	1	38	0
0	1	38	0
0	1	38	0
0	1	38	0
0	1	38	0
0	1	38	0
0	1	38	0
0	1	38	0
0	1	38	0
0	1	38	0
0	1	38	0
0	1	38	0
0	1	38	0
0	1	38	0
0	1	38	0
0	1	38	0
0	1	38	0
0	1	38	0
0	1	38	0
0	1	38	0
18	1	39	25
20	1	39	20
15	1	39	15
14	1	39	10
13	1	39	5
-15	1	39	9
25	1	39	13
24	1	39	14
19	1	39	24
9	1	39	18
4	1	39	8
5	1	39	7
3	1	39	3
8	1	39	2
7	1	39	1
2	1	39	12
1	1	39	17
99	1	39	16
16	1	39	11
1100	1	39	6
12	1	39	22
23	1	39	21
17	1	39	23
6	1	39	19
-17	1	39	-24
11	1	39	-23
22	1	39	-3
0	1	39	4
0	1	39	0
0	1	39	0
0	1	39	0
0	1	39	0
0	1	39	0
0	1	39	0
0	1	39	0
0	1	39	0
0	1	39	0
0	1	39	0
0	1	39	0
0	1	39	0
0	1	39	0
0	1	39	0
0	1	39	0
0	1	39	0
0	1	39	0
0	1	39	0
0	1	39	0
0	1	39	0
0	1	39	0
0	1	39	0
0	1	39	0
0	1	39	0
0	1	39	0
0	1	39	0
0	1	39	0
0	1	39	0
0	1	39	0
0	1	39	0
0	1	39	0
0	1	39	0
0	1	39	0
0	1	39	0
0	1	39	0
0	1	39	0
0	1	39	0
0	1	39	0
0	1	39	0
0	1	39	0
0	1	39	0
0	1	39	0
0	1	39	0
0	1	39	0
0	1	39	0
0	1	39	0
0	1	39	0
0	1	39	0
0	1	39	0
0	1	39	0
0	1	39	0
0	1	39	0
0	1	39	0
0	1	39	0
0	1	39	0
0	1	39	0
0	1	39	0
0	1	39	0
0	1	39	0
0	1	39	0
0	1	39	0
0	1	39	0
0	1	39	0
0	1	39	0
0	1	39	0
0	1	39	0
0	1	39	0
0	1	39	0
0	1	39	0
0	1	39	0
0	1	39	0
0	1	39	0
18	1	40	23
20	1	40	24
15	1	40	25
14	1	40	20
13	1	40	19
-15	1	40	14
25	1	40	900
24	1	40	4
19	1	40	-14
9	1	40	9
4	1	40	-24
5	1	40	-25
3	1	40	1500
8	1	40	10
7	1	40	15
2	1	40	-9
1	1	40	8
99	1	40	5
16	1	40	-4
1100	1	40	3
12	1	40	12
23	1	40	7
17	1	40	22
6	1	40	17
-17	1	40	16
11	1	40	-16
22	1	40	11
0	1	40	-22
0	1	40	21
0	1	40	18
0	1	40	13
0	1	40	-12
0	1	40	-11
0	1	40	-7
0	1	40	2
0	1	40	-3
0	1	40	-9
0	1	40	-14
0	1	40	-19
0	1	40	-24
0	1	40	-25
0	1	40	-23
0	1	40	-22
0	1	40	-21
0	1	40	-11
0	1	40	6
0	1	40	1
0	1	40	-22
0	1	40	-18
0	1	40	-19
0	1	40	-15
0	1	40	-20
0	1	40	-25
0	1	40	999
0	1	40	-24
0	1	40	-25
0	1	40	-15
0	1	40	-14
0	1	40	-5
0	1	40	-4
0	1	40	-3
0	1	40	-8
0	1	40	-12
0	1	40	-11
0	1	40	-21
0	1	40	0
0	1	40	0
0	1	40	0
0	1	40	0
0	1	40	0
0	1	40	0
0	1	40	0
0	1	40	0
0	1	40	0
0	1	40	0
0	1	40	0
0	1	40	0
0	1	40	0
0	1	40	0
0	1	40	0
0	1	40	0
0	1	40	0
0	1	40	0
0	1	40	0
0	1	40	0
0	1	40	0
0	1	40	0
0	1	40	0
0	1	40	0
0	1	40	0
0	1	40	0
0	1	40	0
0	1	40	0
0	1	40	0
0	1	40	0
0	1	40	0
0	1	40	0
0	1	40	0
0	1	40	0
0	1	40	0
18	1	41	1900
20	1	41	18
15	1	41	14
14	1	41	9
13	1	41	24
-15	1	41	19
25	1	41	13
24	1	41	8
19	1	41	7
9	1	41	11
4	1	41	-18
5	1	41	23
3	1	41	-24
8	1	41	25
7	1	41	20
2	1	41	15
1	1	41	10
99	1	41	4
16	1	41	3
1100	1	41	2
12	1	41	6
23	1	41	12
17	1	41	17
6	1	41	16
-17	1	41	2100
11	1	41	22
22	1	41	21
0	1	41	-24
0	1	41	-23
0	1	41	100
0	1	41	-3
0	1	41	1
0	1	41	5
0	1	41	0
0	1	41	0
0	1	41	0
0	1	41	0
0	1	41	0
0	1	41	0
0	1	41	0
0	1	41	0
0	1	41	0
0	1	41	0
0	1	41	0
0	1	41	0
0	1	41	0
0	1	41	0
0	1	41	0
0	1	41	0
0	1	41	0
0	1	41	0
0	1	41	0
0	1	41	0
0	1	41	0
0	1	41	0
0	1	41	0
0	1	41	0
0	1	41	0
0	1	41	0
0	1	41	0
0	1	41	0
0	1	41	0
0	1	41	0
0	1	41	0
0	1	41	0
0	1	41	0
0	1	41	0
0	1	41	0
0	1	41	0
0	1	41	0
0	1	41	0
0	1	41	0
0	1	41	0
0	1	41	0
0	1	41	0
0	1	41	0
0	1	41	0
0	1	41	0
0	1	41	0
0	1	41	0
0	1	41	0
0	1	41	0
0	1	41	0
0	1	41	0
0	1	41	0
0	1	41	0
0	1	41	0
0	1	41	0
0	1	41	0
0	1	41	0
0	1	41	0
0	1	41	0
0	1	41	0
0	1	41	0
0	1	41	0
0	1	41	0
0	1	41	0
0	1	41	0
0	1	41	0
0	1	41	0
18	1	42	5
20	1	42	4
15	1	42	2400
14	1	42	20
13	1	42	25
-15	1	42	15
25	1	42	10
24	1	42	-4
19	1	42	3
9	1	42	23
4	1	42	24
5	1	42	19
3	1	42	14
8	1	42	9
7	1	42	8
2	1	42	7
1	1	42	2
99	1	42	1
16	1	42	11
1100	1	42	17
12	1	42	12
23	1	42	6
17	1	42	-11
6	1	42	-17
-17	1	42	16
11	1	42	22
22	1	42	2100
0	1	42	-22
0	1	42	-23
0	1	42	-24
0	1	42	-25
0	1	42	-15
0	1	42	-4
0	1	42	-3
0	1	42	-2
0	1	42	-1
0	1	42	-6
0	1	42	-7
0	1	42	-11
0	1	42	-16
0	1	42	2100
0	1	42	-22
0	1	42	999
0	1	42	13
0	1	42	-14
0	1	42	-15
0	1	42	-4
0	1	42	-5
0	1	42	-3
0	1	42	-8
0	1	42	-12
0	1	42	-11
0	1	42	-16
0	1	42	999
0	1	42	-22
0	1	42	-12
0	1	42	0
0	1	42	0
0	1	42	0
0	1	42	0
0	1	42	0
0	1	42	0
0	1	42	0
0	1	42	0
0	1	42	0
0	1	42	0
0	1	42	0
0	1	42	0
0	1	42	0
0	1	42	0
0	1	42	0
0	1	42	0
0	1	42	0
0	1	42	0
0	1	42	0
0	1	42	0
0	1	42	0
0	1	42	0
0	1	42	0
0	1	42	0
0	1	42	0
0	1	42	0
0	1	42	0
0	1	42	0
0	1	42	0
0	1	42	0
0	1	42	0
0	1	42	0
0	1	42	0
0	1	42	0
0	1	42	0
0	1	42	0
0	1	42	0
0	1	42	0
0	1	42	0
0	1	42	0
0	1	42	0
0	1	42	0
0	1	42	0
0	1	42	0
18	1	43	20
20	1	43	15
15	1	43	23
14	1	43	18
13	1	43	24
-15	1	43	25
25	1	43	-15
24	1	43	10
19	1	43	-18
9	1	43	13
4	1	43	8
5	1	43	3
3	1	43	2
8	1	43	1
7	1	43	6
2	1	43	-23
1	1	43	-24
99	1	43	19
16	1	43	14
1100	1	43	9
12	1	43	-15
23	1	43	5
17	1	43	4
6	1	43	-8
-17	1	43	-9
11	1	43	-13
22	1	43	12
0	1	43	7
0	1	43	-6
0	1	43	16
0	1	43	11
0	1	43	21
0	1	43	-16
0	1	43	22
0	1	43	17
0	1	43	-21
0	1	43	-22
0	1	43	-23
0	1	43	-18
0	1	43	-19
0	1	43	-25
0	1	43	-10
0	1	43	-4
0	1	43	-5
0	1	43	-1
0	1	43	999
0	1	43	-23
0	1	43	-24
0	1	43	-13
0	1	43	-14
0	1	43	999
0	1	43	-9
0	1	43	0
0	1	43	0
0	1	43	0
0	1	43	0
0	1	43	0
0	1	43	0
0	1	43	0
0	1	43	0
0	1	43	0
0	1	43	0
0	1	43	0
0	1	43	0
0	1	43	0
0	1	43	0
0	1	43	0
0	1	43	0
0	1	43	0
0	1	43	0
0	1	43	0
0	1	43	0
0	1	43	0
0	1	43	0
0	1	43	0
0	1	43	0
0	1	43	0
0	1	43	0
0	1	43	0
0	1	43	0
0	1	43	0
0	1	43	0
0	1	43	0
0	1	43	0
0	1	43	0
0	1	43	0
0	1	43	0
0	1	43	0
0	1	43	0
0	1	43	0
0	1	43	0
0	1	43	0
0	1	43	0
0	1	43	0
0	1	43	0
0	1	43	0
0	1	43	0
0	1	43	0
0	1	43	0
0	1	43	0
18	1	44	24
20	1	44	20
15	1	44	14
14	1	44	9
13	1	44	4
-15	1	44	3
25	1	44	2
24	1	44	7
19	1	44	12
9	1	44	99
4	1	44	25
5	1	44	10
3	1	44	19
8	1	44	18
7	1	44	13
2	1	44	8
1	1	44	23
99	1	44	17
16	1	44	22
1100	1	44	16
12	1	44	11
23	1	44	6
17	1	44	1
6	1	44	-23
-17	1	44	-22
11	1	44	21
22	1	44	-19
0	1	44	15
0	1	44	-9
0	1	44	5
0	1	44	0
0	1	44	0
0	1	44	0
0	1	44	0
0	1	44	0
0	1	44	0
0	1	44	0
0	1	44	0
0	1	44	0
0	1	44	0
0	1	44	0
0	1	44	0
0	1	44	0
0	1	44	0
0	1	44	0
0	1	44	0
0	1	44	0
0	1	44	0
0	1	44	0
0	1	44	0
0	1	44	0
0	1	44	0
0	1	44	0
0	1	44	0
0	1	44	0
0	1	44	0
0	1	44	0
0	1	44	0
0	1	44	0
0	1	44	0
0	1	44	0
0	1	44	0
0	1	44	0
0	1	44	0
0	1	44	0
0	1	44	0
0	1	44	0
0	1	44	0
0	1	44	0
0	1	44	0
0	1	44	0
0	1	44	0
0	1	44	0
0	1	44	0
0	1	44	0
0	1	44	0
0	1	44	0
0	1	44	0
0	1	44	0
0	1	44	0
0	1	44	0
0	1	44	0
0	1	44	0
0	1	44	0
0	1	44	0
0	1	44	0
0	1	44	0
0	1	44	0
0	1	44	0
0	1	44	0
0	1	44	0
0	1	44	0
0	1	44	0
0	1	44	0
0	1	44	0
0	1	44	0
0	1	44	0
0	1	44	0
0	1	44	0
0	1	44	0
5	2	1	8
8	2	1	3
3	2	1	5
1	2	1	15
2	2	1	25
4	2	1	12
9	2	1	6
7	2	1	11
16	2	1	21
6	2	1	-21
99	2	1	16
5	2	1	-6
10	2	1	7
14	2	1	1
13	2	1	-3
11	2	1	2
12	2	1	-1
21	2	1	-6
23	2	1	-7
18	2	1	-12
15	2	1	1300
20	2	1	-11
25	2	1	-16
2400	2	1	14
2200	2	1	-5
17	2	1	9
22	2	1	-8
24	2	1	-3
-15	2	1	4
-20	2	1	10
19	2	1	-5
-9	2	1	-4
-10	2	1	-3
-15	2	1	-2
-14	2	1	-9
-18	2	1	-14
-17	2	1	19
-19	2	1	20
-25	2	1	-25
-5	2	1	24
999	2	1	-21
-7	2	1	2200
-13	2	1	23
-12	2	1	-21
0	2	1	2200
0	2	1	17
0	2	1	22
0	2	1	-8
0	2	1	-7
0	2	1	-6
0	2	1	-8
0	2	1	-5
0	2	1	-4
0	2	1	-2
0	2	1	-3
0	2	1	-4
0	2	1	-15
0	2	1	-20
0	2	1	-25
0	2	1	-24
0	2	1	-23
0	2	1	18
0	2	1	-14
0	2	1	-15
0	2	1	-14
0	2	1	-15
0	2	1	-14
0	2	1	13
0	2	1	-8
0	2	1	-9
0	2	1	-14
0	2	1	-15
0	2	1	-18
0	2	1	-22
0	2	1	-21
0	2	1	-16
0	2	1	99
0	2	1	-1
0	2	1	-4
0	2	1	99
0	2	1	-5
0	2	1	-4
0	2	1	-10
0	2	1	-19
0	2	1	-23
0	2	1	-22
0	2	1	-24
0	2	1	999
0	2	1	-3
0	2	1	-4
0	2	1	-5
0	2	1	-20
0	2	1	-19
0	2	1	-14
0	2	1	-18
0	2	1	-19
0	2	1	-23
0	2	1	-24
0	2	1	-21
0	2	1	-16
5	2	2	8
8	2	2	3
3	2	2	1
1	2	2	5
2	2	2	12
4	2	2	11
9	2	2	7
7	2	2	1600
16	2	2	17
6	2	2	1600
99	2	2	21
5	2	2	16
10	2	2	600
14	2	2	-7
13	2	2	2
11	2	2	14
12	2	2	18
21	2	2	13
23	2	2	-11
18	2	2	1200
15	2	2	-13
20	2	2	-14
25	2	2	1500
2400	2	2	9
2200	2	2	-13
17	2	2	-9
22	2	2	4
24	2	2	15
-15	2	2	10
-20	2	2	-7
19	2	2	6
-9	2	2	-16
-10	2	2	-17
-15	2	2	-21
-14	2	2	2200
-18	2	2	23
-17	2	2	-17
-19	2	2	2200
-25	2	2	-23
-5	2	2	19
999	2	2	-21
-7	2	2	22
-13	2	2	24
-12	2	2	2500
0	2	2	20
0	2	2	25
0	2	2	-20
0	2	2	-19
0	2	2	-14
0	2	2	-18
0	2	2	-16
0	2	2	-21
0	2	2	-22
0	2	2	-23
0	2	2	-24
0	2	2	-25
0	2	2	-4
0	2	2	-5
0	2	2	-10
0	2	2	-6
0	2	2	-7
0	2	2	-8
0	2	2	-9
0	2	2	-18
0	2	2	-17
0	2	2	0
0	2	2	0
0	2	2	0
0	2	2	0
0	2	2	0
0	2	2	0
0	2	2	0
0	2	2	0
0	2	2	0
0	2	2	0
0	2	2	0
0	2	2	0
0	2	2	0
0	2	2	0
0	2	2	0
0	2	2	0
0	2	2	0
0	2	2	0
0	2	2	0
0	2	2	0
0	2	2	0
0	2	2	0
0	2	2	0
0	2	2	0
0	2	2	0
0	2	2	0
0	2	2	0
0	2	2	0
0	2	2	0
0	2	2	0
0	2	2	0
0	2	2	0
0	2	2	0
0	2	2	0
0	2	2	0
5	2	3	5
8	2	3	200
3	2	3	1
1	2	3	200
2	2	3	3
4	2	3	6
9	2	3	11
7	2	3	8
16	2	3	9
6	2	3	-5
99	2	3	4
5	2	3	15
10	2	3	10
14	2	3	20
13	2	3	19
11	2	3	-9
12	2	3	-15
21	2	3	14
23	2	3	-19
18	2	3	24
15	2	3	25
20	2	3	12
25	2	3	17
2400	2	3	16
2200	2	3	22
17	2	3	-19
22	2	3	18
24	2	3	-8
-15	2	3	7
-20	2	3	2
19	2	3	13
-9	2	3	23
-10	2	3	21
-15	2	3	-10
-14	2	3	0
-18	2	3	0
-17	2	3	0
-19	2	3	0
-25	2	3	0
-5	2	3	0
999	2	3	0
-7	2	3	0
-13	2	3	0
-12	2	3	0
0	2	3	0
0	2	3	0
0	2	3	0
0	2	3	0
0	2	3	0
0	2	3	0
0	2	3	0
0	2	3	0
0	2	3	0
0	2	3	0
0	2	3	0
0	2	3	0
0	2	3	0
0	2	3	0
0	2	3	0
0	2	3	0
0	2	3	0
0	2	3	0
0	2	3	0
0	2	3	0
0	2	3	0
0	2	3	0
0	2	3	0
0	2	3	0
0	2	3	0
0	2	3	0
0	2	3	0
0	2	3	0
0	2	3	0
0	2	3	0
0	2	3	0
0	2	3	0
0	2	3	0
0	2	3	0
0	2	3	0
0	2	3	0
0	2	3	0
0	2	3	0
0	2	3	0
0	2	3	0
0	2	3	0
0	2	3	0
0	2	3	0
0	2	3	0
0	2	3	0
0	2	3	0
0	2	3	0
0	2	3	0
0	2	3	0
0	2	3	0
0	2	3	0
0	2	3	0
0	2	3	0
0	2	3	0
0	2	3	0
0	2	3	0
5	2	4	8
8	2	4	9
3	2	4	10
1	2	4	19
2	2	4	700
4	2	4	6
9	2	4	1
7	2	4	2
16	2	4	3
6	2	4	16
99	2	4	-16
5	2	4	17
10	2	4	21
14	2	4	-17
13	2	4	12
11	2	4	-16
12	2	4	-17
21	2	4	2200
23	2	4	-21
18	2	4	22
15	2	4	-9
20	2	4	-10
25	2	4	5
2400	2	4	20
2200	2	4	25
17	2	4	24
22	2	4	2300
24	2	4	-22
-15	2	4	-21
-20	2	4	-16
19	2	4	7
-9	2	4	-1
-10	2	4	-2
-15	2	4	-3
-14	2	4	4
-18	2	4	14
-17	2	4	13
-19	2	4	-6
-25	2	4	1100
-5	2	4	-12
999	2	4	1100
-7	2	4	-6
-13	2	4	-7
-12	2	4	-8
0	2	4	-9
0	2	4	-10
0	2	4	15
0	2	4	-9
0	2	4	-10
0	2	4	-14
0	2	4	1800
0	2	4	-17
0	2	4	18
0	2	4	-24
0	2	4	-19
0	2	4	-24
0	2	4	-25
0	2	4	-20
0	2	4	-25
0	2	4	-24
0	2	4	-20
0	2	4	-15
0	2	4	-14
0	2	4	-9
0	2	4	-10
0	2	4	-8
0	2	4	-7
0	2	4	-8
0	2	4	11
0	2	4	-21
0	2	4	-22
0	2	4	-13
0	2	4	-8
0	2	4	-3
0	2	4	999
0	2	4	-12
0	2	4	-11
0	2	4	-7
0	2	4	-13
0	2	4	-22
0	2	4	-21
0	2	4	-14
0	2	4	-13
0	2	4	-12
0	2	4	-9
0	2	4	-10
0	2	4	-15
0	2	4	-20
0	2	4	-19
0	2	4	0
0	2	4	0
0	2	4	0
0	2	4	0
0	2	4	0
0	2	4	0
0	2	4	0
0	2	4	0
0	2	4	0
0	2	4	0
0	2	4	0
5	2	5	3
8	2	5	5
3	2	5	9
1	2	5	7
2	2	5	6
4	2	5	8
9	2	5	12
7	2	5	2
16	2	5	1
6	2	5	11
99	2	5	16
5	2	5	14
10	2	5	15
14	2	5	4
13	2	5	1000
11	2	5	-14
12	2	5	-8
21	2	5	-12
23	2	5	13
18	2	5	17
15	2	5	99
20	2	5	18
25	2	5	19
2400	2	5	20
2200	2	5	25
17	2	5	23
22	2	5	22
24	2	5	24
-15	2	5	21
-20	2	5	10
19	2	5	-8
-9	2	5	-4
-10	2	5	-5
-15	2	5	-10
-14	2	5	-15
-18	2	5	999
-17	2	5	-10
-19	2	5	-9
-25	2	5	0
-5	2	5	0
999	2	5	0
-7	2	5	0
-13	2	5	0
-12	2	5	0
0	2	5	0
0	2	5	0
0	2	5	0
0	2	5	0
0	2	5	0
0	2	5	0
0	2	5	0
0	2	5	0
0	2	5	0
0	2	5	0
0	2	5	0
0	2	5	0
0	2	5	0
0	2	5	0
0	2	5	0
0	2	5	0
0	2	5	0
0	2	5	0
0	2	5	0
0	2	5	0
0	2	5	0
0	2	5	0
0	2	5	0
0	2	5	0
0	2	5	0
0	2	5	0
0	2	5	0
0	2	5	0
0	2	5	0
0	2	5	0
0	2	5	0
0	2	5	0
0	2	5	0
0	2	5	0
0	2	5	0
0	2	5	0
0	2	5	0
0	2	5	0
0	2	5	0
0	2	5	0
0	2	5	0
0	2	5	0
0	2	5	0
0	2	5	0
0	2	5	0
0	2	5	0
0	2	5	0
0	2	5	0
0	2	5	0
0	2	5	0
0	2	5	0
0	2	5	0
0	2	5	0
0	2	5	0
0	2	5	0
0	2	5	0
5	2	6	9
8	2	6	8
3	2	6	3
1	2	6	1
2	2	6	2
4	2	6	-9
9	2	6	10
7	2	6	15
16	2	6	25
6	2	6	20
99	2	6	1200
5	2	6	13
10	2	6	12
14	2	6	2
13	2	6	-3
11	2	6	4
12	2	6	5
21	2	6	18
23	2	6	19
18	2	6	-20
15	2	6	-25
20	2	6	2400
25	2	6	2300
2400	2	6	2200
2200	2	6	17
17	2	6	16
22	2	6	2100
24	2	6	2300
-15	2	6	2400
-20	2	6	23
19	2	6	21
-9	2	6	11
-10	2	6	-12
-15	2	6	-19
-14	2	6	-18
-18	2	6	-17
-17	2	6	2200
-19	2	6	-23
-25	2	6	22
-5	2	6	-2
999	2	6	-1
-7	2	6	-2
-13	2	6	-3
-12	2	6	-4
0	2	6	-10
0	2	6	-9
0	2	6	-13
0	2	6	1400
0	2	6	-15
0	2	6	14
0	2	6	-20
0	2	6	-25
0	2	6	2400
0	2	6	-23
0	2	6	-22
0	2	6	-21
0	2	6	24
0	2	6	-2
0	2	6	-3
0	2	6	-4
0	2	6	-5
0	2	6	-10
0	2	6	7
0	2	6	-6
0	2	6	-11
0	2	6	-16
0	2	6	-17
0	2	6	-21
0	2	6	-22
0	2	6	-23
0	2	6	-24
0	2	6	-25
0	2	6	999
0	2	6	-9
0	2	6	-8
0	2	6	-7
0	2	6	-11
0	2	6	-12
0	2	6	-16
0	2	6	-17
0	2	6	-18
0	2	6	-19
0	2	6	-15
0	2	6	99
0	2	6	-2
0	2	6	-1
0	2	6	-3
0	2	6	0
0	2	6	0
0	2	6	0
0	2	6	0
0	2	6	0
0	2	6	0
0	2	6	0
0	2	6	0
0	2	6	0
0	2	6	0
0	2	6	0
0	2	6	0
0	2	6	0
5	2	7	7
8	2	7	4
3	2	7	5
1	2	7	10
2	2	7	1400
4	2	7	13
9	2	7	100
7	2	7	2
16	2	7	1
6	2	7	3
99	2	7	-5
5	2	7	9
10	2	7	20
14	2	7	99
13	2	7	1100
11	2	7	-7
12	2	7	11
21	2	7	-9
23	2	7	1500
18	2	7	1900
15	2	7	18
20	2	7	15
25	2	7	-20
2400	2	7	24
2200	2	7	25
17	2	7	17
22	2	7	1200
24	2	7	-13
-15	2	7	8
-20	2	7	12
19	2	7	6
-9	2	7	-1
-10	2	7	-2
-15	2	7	-3
-14	2	7	-4
-18	2	7	-10
-17	2	7	-12
-19	2	7	-11
-25	2	7	16
-5	2	7	22
999	2	7	21
-7	2	7	99
-13	2	7	-24
-12	2	7	-25
0	2	7	-22
0	2	7	-21
0	2	7	-16
0	2	7	-17
0	2	7	999
0	2	7	-8
0	2	7	-7
0	2	7	-3
0	2	7	-5
0	2	7	14
0	2	7	-18
0	2	7	-17
0	2	7	-16
0	2	7	-22
0	2	7	23
0	2	7	99
0	2	7	-14
0	2	7	-20
0	2	7	19
0	2	7	0
0	2	7	0
0	2	7	0
0	2	7	0
0	2	7	0
0	2	7	0
0	2	7	0
0	2	7	0
0	2	7	0
0	2	7	0
0	2	7	0
0	2	7	0
0	2	7	0
0	2	7	0
0	2	7	0
0	2	7	0
0	2	7	0
0	2	7	0
0	2	7	0
0	2	7	0
0	2	7	0
0	2	7	0
0	2	7	0
0	2	7	0
0	2	7	0
0	2	7	0
0	2	7	0
0	2	7	0
0	2	7	0
0	2	7	0
0	2	7	0
0	2	7	0
0	2	7	0
0	2	7	0
0	2	7	0
0	2	7	0
0	2	7	0
5	2	8	7
8	2	8	9
3	2	8	99
1	2	8	-7
2	2	8	6
4	2	8	1
9	2	8	2
7	2	8	3
16	2	8	4
6	2	8	10
99	2	8	5
5	2	8	15
10	2	8	999
14	2	8	-4
13	2	8	-3
11	2	8	-2
12	2	8	-1
21	2	8	-6
23	2	8	11
18	2	8	21
15	2	8	2200
20	2	8	17
25	2	8	22
2400	2	8	14
2200	2	8	-15
17	2	8	20
22	2	8	25
24	2	8	24
-15	2	8	12
-20	2	8	16
19	2	8	-21
-9	2	8	-22
-10	2	8	18
-15	2	8	13
-14	2	8	8
-18	2	8	-3
-17	2	8	-4
-19	2	8	-5
-25	2	8	-10
-5	2	8	-14
999	2	8	-18
-7	2	8	-17
-13	2	8	-16
-12	2	8	-11
0	2	8	-12
0	2	8	-14
0	2	8	19
0	2	8	-24
0	2	8	-25
0	2	8	-10
0	2	8	-4
0	2	8	-5
0	2	8	-2
0	2	8	-3
0	2	8	-7
0	2	8	0
0	2	8	0
0	2	8	0
0	2	8	0
0	2	8	0
0	2	8	0
0	2	8	0
0	2	8	0
0	2	8	0
0	2	8	0
0	2	8	0
0	2	8	0
0	2	8	0
0	2	8	0
0	2	8	0
0	2	8	0
0	2	8	0
0	2	8	0
0	2	8	0
0	2	8	0
0	2	8	0
0	2	8	0
0	2	8	0
0	2	8	0
0	2	8	0
0	2	8	0
0	2	8	0
0	2	8	0
0	2	8	0
0	2	8	0
0	2	8	0
0	2	8	0
0	2	8	0
0	2	8	0
0	2	8	0
0	2	8	0
0	2	8	0
0	2	8	0
0	2	8	0
0	2	8	0
0	2	8	0
0	2	8	0
0	2	8	0
0	2	8	0
0	2	8	0
5	2	9	4
8	2	9	3
3	2	9	14
1	2	9	10
2	2	9	19
4	2	9	9
9	2	9	2
7	2	9	1
16	2	9	11
6	2	9	6
99	2	9	7
5	2	9	8
10	2	9	12
14	2	9	16
13	2	9	17
11	2	9	15
12	2	9	13
21	2	9	18
23	2	9	23
18	2	9	20
15	2	9	5
20	2	9	25
25	2	9	24
2400	2	9	22
2200	2	9	21
17	2	9	-6
22	2	9	-2
24	2	9	-9
-15	2	9	-19
-20	2	9	0
19	2	9	0
-9	2	9	0
-10	2	9	0
-15	2	9	0
-14	2	9	0
-18	2	9	0
-17	2	9	0
-19	2	9	0
-25	2	9	0
-5	2	9	0
999	2	9	0
-7	2	9	0
-13	2	9	0
-12	2	9	0
0	2	9	0
0	2	9	0
0	2	9	0
0	2	9	0
0	2	9	0
0	2	9	0
0	2	9	0
0	2	9	0
0	2	9	0
0	2	9	0
0	2	9	0
0	2	9	0
0	2	9	0
0	2	9	0
0	2	9	0
0	2	9	0
0	2	9	0
0	2	9	0
0	2	9	0
0	2	9	0
0	2	9	0
0	2	9	0
0	2	9	0
0	2	9	0
0	2	9	0
0	2	9	0
0	2	9	0
0	2	9	0
0	2	9	0
0	2	9	0
0	2	9	0
0	2	9	0
0	2	9	0
0	2	9	0
0	2	9	0
0	2	9	0
0	2	9	0
0	2	9	0
0	2	9	0
0	2	9	0
0	2	9	0
0	2	9	0
0	2	9	0
0	2	9	0
0	2	9	0
0	2	9	0
0	2	9	0
0	2	9	0
0	2	9	0
0	2	9	0
0	2	9	0
0	2	9	0
0	2	9	0
0	2	9	0
0	2	9	0
0	2	9	0
5	2	10	9
8	2	10	10
3	2	10	5
1	2	10	-5
2	2	10	-10
4	2	10	3
9	2	10	2
7	2	10	1
16	2	10	6
6	2	10	13
99	2	10	14
5	2	10	15
10	2	10	25
14	2	10	20
13	2	10	-25
11	2	10	24
12	2	10	1700
21	2	10	16
23	2	10	22
18	2	10	12
15	2	10	-3
20	2	10	-2
25	2	10	-6
2400	2	10	7
2200	2	10	11
17	2	10	-22
22	2	10	21
24	2	10	-22
-15	2	10	23
-20	2	10	-25
19	2	10	-24
-9	2	10	-19
-10	2	10	-5
-15	2	10	4
-14	2	10	-15
-18	2	10	-20
-17	2	10	-13
-19	2	10	17
-25	2	10	-21
-5	2	10	-16
999	2	10	-17
-7	2	10	-22
-13	2	10	-23
-12	2	10	18
0	2	10	-9
0	2	10	-10
0	2	10	-9
0	2	10	-15
0	2	10	-20
0	2	10	-19
0	2	10	-18
0	2	10	-17
0	2	10	-16
0	2	10	-22
0	2	10	-23
0	2	10	-3
0	2	10	-2
0	2	10	-1
0	2	10	0
0	2	10	0
0	2	10	0
0	2	10	0
0	2	10	0
0	2	10	0
0	2	10	0
0	2	10	0
0	2	10	0
0	2	10	0
0	2	10	0
0	2	10	0
0	2	10	0
0	2	10	0
0	2	10	0
0	2	10	0
0	2	10	0
0	2	10	0
0	2	10	0
0	2	10	0
0	2	10	0
0	2	10	0
0	2	10	0
0	2	10	0
0	2	10	0
0	2	10	0
0	2	10	0
0	2	10	0
0	2	10	0
0	2	10	0
0	2	10	0
0	2	10	0
0	2	10	0
0	2	10	0
0	2	10	0
0	2	10	0
0	2	10	0
0	2	10	0
0	2	10	0
0	2	10	0
0	2	10	0
0	2	10	0
5	2	11	8
8	2	11	2
3	2	11	4
1	2	11	15
2	2	11	9
4	2	11	7
9	2	11	11
7	2	11	17
16	2	11	1800
6	2	11	13
99	2	11	99
5	2	11	12
10	2	11	6
14	2	11	10
13	2	11	5
11	2	11	20
12	2	11	19
21	2	11	14
23	2	11	25
18	2	11	2400
15	2	11	18
20	2	11	16
25	2	11	21
2400	2	11	22
2200	2	11	23
17	2	11	24
22	2	11	3
24	2	11	1
-15	2	11	-5
-20	2	11	-8
19	2	11	-10
-9	2	11	0
-10	2	11	0
-15	2	11	0
-14	2	11	0
-18	2	11	0
-17	2	11	0
-19	2	11	0
-25	2	11	0
-5	2	11	0
999	2	11	0
-7	2	11	0
-13	2	11	0
-12	2	11	0
0	2	11	0
0	2	11	0
0	2	11	0
0	2	11	0
0	2	11	0
0	2	11	0
0	2	11	0
0	2	11	0
0	2	11	0
0	2	11	0
0	2	11	0
0	2	11	0
0	2	11	0
0	2	11	0
0	2	11	0
0	2	11	0
0	2	11	0
0	2	11	0
0	2	11	0
0	2	11	0
0	2	11	0
0	2	11	0
0	2	11	0
0	2	11	0
0	2	11	0
0	2	11	0
0	2	11	0
0	2	11	0
0	2	11	0
0	2	11	0
0	2	11	0
0	2	11	0
0	2	11	0
0	2	11	0
0	2	11	0
0	2	11	0
0	2	11	0
0	2	11	0
0	2	11	0
0	2	11	0
0	2	11	0
0	2	11	0
0	2	11	0
0	2	11	0
0	2	11	0
0	2	11	0
0	2	11	0
0	2	11	0
0	2	11	0
0	2	11	0
0	2	11	0
0	2	11	0
0	2	11	0
0	2	11	0
0	2	11	0
0	2	11	0
5	2	12	3
8	2	12	5
3	2	12	4
1	2	12	1
2	2	12	6
4	2	12	1600
9	2	12	17
7	2	12	12
16	2	12	11
6	2	12	2100
99	2	12	16
5	2	12	18
10	2	12	15
14	2	12	20
13	2	12	99
11	2	12	2500
12	2	12	24
21	2	12	25
23	2	12	13
18	2	12	-4
15	2	12	-3
20	2	12	99
25	2	12	-1
2400	2	12	2
2200	2	12	-11
17	2	12	-12
22	2	12	-16
24	2	12	-17
-15	2	12	-18
-20	2	12	19
19	2	12	21
-9	2	12	14
-10	2	12	-15
-15	2	12	-20
-14	2	12	-25
-18	2	12	-24
-17	2	12	23
-19	2	12	2200
-25	2	12	-21
-5	2	12	22
999	2	12	7
-7	2	12	-6
-13	2	12	-11
-12	2	12	-12
0	2	12	800
0	2	12	9
0	2	12	8
0	2	12	-16
0	2	12	-17
0	2	12	-18
0	2	12	-23
0	2	12	-9
0	2	12	10
0	2	12	-5
0	2	12	-10
0	2	12	-15
0	2	12	-14
0	2	12	-13
0	2	12	-3
0	2	12	-1
0	2	12	-2
0	2	12	-6
0	2	12	-7
0	2	12	-11
0	2	12	-17
0	2	12	-18
0	2	12	99
0	2	12	-5
0	2	12	-10
0	2	12	-9
0	2	12	-8
0	2	12	-14
0	2	12	-19
0	2	12	999
0	2	12	-1
0	2	12	-2
0	2	12	-3
0	2	12	-4
0	2	12	-5
0	2	12	-10
0	2	12	0
0	2	12	0
0	2	12	0
0	2	12	0
0	2	12	0
0	2	12	0
0	2	12	0
0	2	12	0
0	2	12	0
0	2	12	0
0	2	12	0
0	2	12	0
0	2	12	0
0	2	12	0
0	2	12	0
0	2	12	0
0	2	12	0
0	2	12	0
0	2	12	0
0	2	12	0
5	2	13	7
8	2	13	6
3	2	13	1100
1	2	13	16
2	2	13	1
4	2	13	3
9	2	13	10
7	2	13	5
16	2	13	-3
6	2	13	4
99	2	13	19
5	2	13	17
10	2	13	11
14	2	13	21
13	2	13	22
11	2	13	24
12	2	13	14
21	2	13	-10
23	2	13	15
18	2	13	2500
15	2	13	-24
20	2	13	23
25	2	13	18
2400	2	13	13
2200	2	13	-11
17	2	13	12
22	2	13	-21
24	2	13	-22
-15	2	13	-22
-20	2	13	-23
19	2	13	-24
-9	2	13	25
-10	2	13	9
-15	2	13	-5
-14	2	13	-10
-18	2	13	-15
-17	2	13	20
-19	2	13	-7
-25	2	13	8
-5	2	13	-1
999	2	13	2
-7	2	13	-16
-13	2	13	-17
-12	2	13	-18
0	2	13	-19
0	2	13	-20
0	2	13	99
0	2	13	-16
0	2	13	-17
0	2	13	-18
0	2	13	-3
0	2	13	-4
0	2	13	-5
0	2	13	-2
0	2	13	-6
0	2	13	-7
0	2	13	-11
0	2	13	-12
0	2	13	-14
0	2	13	999
0	2	13	-1
0	2	13	-2
0	2	13	-3
0	2	13	-4
0	2	13	-5
0	2	13	-8
0	2	13	-7
0	2	13	-6
0	2	13	-21
0	2	13	-22
0	2	13	-23
0	2	13	-24
0	2	13	-25
0	2	13	0
0	2	13	0
0	2	13	0
0	2	13	0
0	2	13	0
0	2	13	0
0	2	13	0
0	2	13	0
0	2	13	0
0	2	13	0
0	2	13	0
0	2	13	0
0	2	13	0
0	2	13	0
0	2	13	0
0	2	13	0
0	2	13	0
0	2	13	0
0	2	13	0
0	2	13	0
0	2	13	0
0	2	13	0
0	2	13	0
0	2	13	0
0	2	13	0
0	2	13	0
0	2	13	0
5	2	14	8
8	2	14	10
3	2	14	5
1	2	14	100
2	2	14	2
4	2	14	100
9	2	14	-2
7	2	14	3
16	2	14	1
6	2	14	11
99	2	14	99
5	2	14	2400
10	2	14	2300
14	2	14	22
13	2	14	2500
11	2	14	20
12	2	14	25
21	2	14	99
23	2	14	-2
18	2	14	-3
15	2	14	-5
20	2	14	-2
25	2	14	-3
2400	2	14	-1
2200	2	14	6
17	2	14	16
22	2	14	2100
24	2	14	-22
-15	2	14	23
-20	2	14	-6
19	2	14	-16
-9	2	14	17
-10	2	14	9
-15	2	14	-10
-14	2	14	15
-18	2	14	-20
-17	2	14	19
-19	2	14	-25
-25	2	14	20
-5	2	14	-25
999	2	14	-24
-7	2	14	-23
-13	2	14	-22
-12	2	14	21
0	2	14	-8
0	2	14	-9
0	2	14	-10
0	2	14	-15
0	2	14	14
0	2	14	0
0	2	14	0
0	2	14	0
0	2	14	0
0	2	14	0
0	2	14	0
0	2	14	0
0	2	14	0
0	2	14	0
0	2	14	0
0	2	14	0
0	2	14	0
0	2	14	0
0	2	14	0
0	2	14	0
0	2	14	0
0	2	14	0
0	2	14	0
0	2	14	0
0	2	14	0
0	2	14	0
0	2	14	0
0	2	14	0
0	2	14	0
0	2	14	0
0	2	14	0
0	2	14	0
0	2	14	0
0	2	14	0
0	2	14	0
0	2	14	0
0	2	14	0
0	2	14	0
0	2	14	0
0	2	14	0
0	2	14	0
0	2	14	0
0	2	14	0
0	2	14	0
0	2	14	0
0	2	14	0
0	2	14	0
0	2	14	0
0	2	14	0
0	2	14	0
0	2	14	0
0	2	14	0
0	2	14	0
0	2	14	0
0	2	14	0
0	2	14	0
5	2	15	6
8	2	15	10
3	2	15	400
1	2	15	5
2	2	15	9
4	2	15	3
9	2	15	4
7	2	15	20
16	2	15	15
6	2	15	14
99	2	15	800
5	2	15	200
10	2	15	8
14	2	15	7
13	2	15	99
11	2	15	2
12	2	15	1
21	2	15	12
23	2	15	13
18	2	15	19
15	2	15	24
20	2	15	17
25	2	15	18
2400	2	15	16
2200	2	15	-17
17	2	15	-18
22	2	15	11
24	2	15	21
-15	2	15	22
-20	2	15	23
19	2	15	25
-9	2	15	0
-10	2	15	0
-15	2	15	0
-14	2	15	0
-18	2	15	0
-17	2	15	0
-19	2	15	0
-25	2	15	0
-5	2	15	0
999	2	15	0
-7	2	15	0
-13	2	15	0
-12	2	15	0
0	2	15	0
0	2	15	0
0	2	15	0
0	2	15	0
0	2	15	0
0	2	15	0
0	2	15	0
0	2	15	0
0	2	15	0
0	2	15	0
0	2	15	0
0	2	15	0
0	2	15	0
0	2	15	0
0	2	15	0
0	2	15	0
0	2	15	0
0	2	15	0
0	2	15	0
0	2	15	0
0	2	15	0
0	2	15	0
0	2	15	0
0	2	15	0
0	2	15	0
0	2	15	0
0	2	15	0
0	2	15	0
0	2	15	0
0	2	15	0
0	2	15	0
0	2	15	0
0	2	15	0
0	2	15	0
0	2	15	0
0	2	15	0
0	2	15	0
0	2	15	0
0	2	15	0
0	2	15	0
0	2	15	0
0	2	15	0
0	2	15	0
0	2	15	0
0	2	15	0
0	2	15	0
0	2	15	0
0	2	15	0
0	2	15	0
0	2	15	0
0	2	15	0
0	2	15	0
0	2	15	0
0	2	15	0
0	2	15	0
0	2	15	0
5	2	16	3
8	2	16	7
3	2	16	6
1	2	16	2
2	2	16	4
4	2	16	5
9	2	16	15
7	2	16	10
16	2	16	9
6	2	16	99
99	2	16	12
5	2	16	13
10	2	16	8
14	2	16	11
13	2	16	16
11	2	16	19
12	2	16	14
21	2	16	999
23	2	16	18
18	2	16	20
15	2	16	25
20	2	16	24
25	2	16	23
2400	2	16	17
2200	2	16	22
17	2	16	21
22	2	16	1
24	2	16	-10
-15	2	16	0
-20	2	16	0
19	2	16	0
-9	2	16	0
-10	2	16	0
-15	2	16	0
-14	2	16	0
-18	2	16	0
-17	2	16	0
-19	2	16	0
-25	2	16	0
-5	2	16	0
999	2	16	0
-7	2	16	0
-13	2	16	0
-12	2	16	0
0	2	16	0
0	2	16	0
0	2	16	0
0	2	16	0
0	2	16	0
0	2	16	0
0	2	16	0
0	2	16	0
0	2	16	0
0	2	16	0
0	2	16	0
0	2	16	0
0	2	16	0
0	2	16	0
0	2	16	0
0	2	16	0
0	2	16	0
0	2	16	0
0	2	16	0
0	2	16	0
0	2	16	0
0	2	16	0
0	2	16	0
0	2	16	0
0	2	16	0
0	2	16	0
0	2	16	0
0	2	16	0
0	2	16	0
0	2	16	0
0	2	16	0
0	2	16	0
0	2	16	0
0	2	16	0
0	2	16	0
0	2	16	0
0	2	16	0
0	2	16	0
0	2	16	0
0	2	16	0
0	2	16	0
0	2	16	0
0	2	16	0
0	2	16	0
0	2	16	0
0	2	16	0
0	2	16	0
0	2	16	0
0	2	16	0
0	2	16	0
0	2	16	0
0	2	16	0
0	2	16	0
0	2	16	0
0	2	16	0
0	2	16	0
5	2	17	8
8	2	17	4
3	2	17	3
1	2	17	7
2	2	17	99
4	2	17	-8
9	2	17	9
7	2	17	2
16	2	17	1
6	2	17	12
99	2	17	18
5	2	17	13
10	2	17	14
14	2	17	-7
13	2	17	6
11	2	17	11
12	2	17	22
21	2	17	17
23	2	17	21
18	2	17	19
15	2	17	15
20	2	17	20
25	2	17	10
2400	2	17	5
2200	2	17	23
17	2	17	25
22	2	17	24
24	2	17	0
-15	2	17	0
-20	2	17	0
19	2	17	0
-9	2	17	0
-10	2	17	0
-15	2	17	0
-14	2	17	0
-18	2	17	0
-17	2	17	0
-19	2	17	0
-25	2	17	0
-5	2	17	0
999	2	17	0
-7	2	17	0
-13	2	17	0
-12	2	17	0
0	2	17	0
0	2	17	0
0	2	17	0
0	2	17	0
0	2	17	0
0	2	17	0
0	2	17	0
0	2	17	0
0	2	17	0
0	2	17	0
0	2	17	0
0	2	17	0
0	2	17	0
0	2	17	0
0	2	17	0
0	2	17	0
0	2	17	0
0	2	17	0
0	2	17	0
0	2	17	0
0	2	17	0
0	2	17	0
0	2	17	0
0	2	17	0
0	2	17	0
0	2	17	0
0	2	17	0
0	2	17	0
0	2	17	0
0	2	17	0
0	2	17	0
0	2	17	0
0	2	17	0
0	2	17	0
0	2	17	0
0	2	17	0
0	2	17	0
0	2	17	0
0	2	17	0
0	2	17	0
0	2	17	0
0	2	17	0
0	2	17	0
0	2	17	0
0	2	17	0
0	2	17	0
0	2	17	0
0	2	17	0
0	2	17	0
0	2	17	0
0	2	17	0
0	2	17	0
0	2	17	0
0	2	17	0
0	2	17	0
0	2	17	0
5	2	18	2
8	2	18	4
3	2	18	5
1	2	18	6
2	2	18	8
4	2	18	3
9	2	18	1
7	2	18	13
16	2	18	18
6	2	18	9
99	2	18	24
5	2	18	14
10	2	18	10
14	2	18	15
13	2	18	20
11	2	18	19
12	2	18	25
21	2	18	23
23	2	18	17
18	2	18	21
15	2	18	12
20	2	18	7
25	2	18	11
2400	2	18	16
2200	2	18	2200
17	2	18	-24
22	2	18	22
24	2	18	0
-15	2	18	0
-20	2	18	0
19	2	18	0
-9	2	18	0
-10	2	18	0
-15	2	18	0
-14	2	18	0
-18	2	18	0
-17	2	18	0
-19	2	18	0
-25	2	18	0
-5	2	18	0
999	2	18	0
-7	2	18	0
-13	2	18	0
-12	2	18	0
0	2	18	0
0	2	18	0
0	2	18	0
0	2	18	0
0	2	18	0
0	2	18	0
0	2	18	0
0	2	18	0
0	2	18	0
0	2	18	0
0	2	18	0
0	2	18	0
0	2	18	0
0	2	18	0
0	2	18	0
0	2	18	0
0	2	18	0
0	2	18	0
0	2	18	0
0	2	18	0
0	2	18	0
0	2	18	0
0	2	18	0
0	2	18	0
0	2	18	0
0	2	18	0
0	2	18	0
0	2	18	0
0	2	18	0
0	2	18	0
0	2	18	0
0	2	18	0
0	2	18	0
0	2	18	0
0	2	18	0
0	2	18	0
0	2	18	0
0	2	18	0
0	2	18	0
0	2	18	0
0	2	18	0
0	2	18	0
0	2	18	0
0	2	18	0
0	2	18	0
0	2	18	0
0	2	18	0
0	2	18	0
0	2	18	0
0	2	18	0
0	2	18	0
0	2	18	0
0	2	18	0
0	2	18	0
0	2	18	0
0	2	18	0
5	2	19	7
8	2	19	4
3	2	19	9
1	2	19	15
2	2	19	14
4	2	19	8
9	2	19	6
7	2	19	12
16	2	19	13
6	2	19	25
99	2	19	24
5	2	19	10
10	2	19	5
14	2	19	1
13	2	19	11
11	2	19	99
12	2	19	17
21	2	19	16
23	2	19	21
18	2	19	18
15	2	19	23
20	2	19	22
25	2	19	19
2400	2	19	-24
2200	2	19	-25
17	2	19	-24
22	2	19	3
24	2	19	2
-15	2	19	999
-20	2	19	-16
19	2	19	-12
-9	2	19	-8
-10	2	19	-9
-15	2	19	0
-14	2	19	0
-18	2	19	0
-17	2	19	0
-19	2	19	0
-25	2	19	0
-5	2	19	0
999	2	19	0
-7	2	19	0
-13	2	19	0
-12	2	19	0
0	2	19	0
0	2	19	0
0	2	19	0
0	2	19	0
0	2	19	0
0	2	19	0
0	2	19	0
0	2	19	0
0	2	19	0
0	2	19	0
0	2	19	0
0	2	19	0
0	2	19	0
0	2	19	0
0	2	19	0
0	2	19	0
0	2	19	0
0	2	19	0
0	2	19	0
0	2	19	0
0	2	19	0
0	2	19	0
0	2	19	0
0	2	19	0
0	2	19	0
0	2	19	0
0	2	19	0
0	2	19	0
0	2	19	0
0	2	19	0
0	2	19	0
0	2	19	0
0	2	19	0
0	2	19	0
0	2	19	0
0	2	19	0
0	2	19	0
0	2	19	0
0	2	19	0
0	2	19	0
0	2	19	0
0	2	19	0
0	2	19	0
0	2	19	0
0	2	19	0
0	2	19	0
0	2	19	0
0	2	19	0
0	2	19	0
0	2	19	0
0	2	19	0
0	2	19	0
0	2	19	0
0	2	19	0
0	2	19	0
0	2	19	0
5	2	20	8
8	2	20	2
3	2	20	100
1	2	20	-2
2	2	20	300
4	2	20	4
9	2	20	-4
7	2	20	-8
16	2	20	300
6	2	20	700
99	2	20	600
5	2	20	1
10	2	20	18
14	2	20	19
13	2	20	15
11	2	20	20
12	2	20	10
21	2	20	24
23	2	20	1100
18	2	20	12
15	2	20	11
20	2	20	2100
25	2	20	22
2400	2	20	17
2200	2	20	21
17	2	20	2200
22	2	20	23
24	2	20	13
-15	2	20	14
-20	2	20	9
19	2	20	-10
-9	2	20	-15
-10	2	20	-14
-15	2	20	-15
-14	2	20	-19
-18	2	20	-20
-17	2	20	-18
-19	2	20	-24
-25	2	20	25
-5	2	20	-22
999	2	20	-23
-7	2	20	-21
-13	2	20	-22
-12	2	20	-17
0	2	20	-18
0	2	20	-19
0	2	20	-20
0	2	20	-2
0	2	20	3
0	2	20	7
0	2	20	-3
0	2	20	-4
0	2	20	5
0	2	20	-8
0	2	20	-9
0	2	20	-14
0	2	20	-13
0	2	20	-12
0	2	20	-11
0	2	20	16
0	2	20	600
0	2	20	-7
0	2	20	-8
0	2	20	-9
0	2	20	-10
0	2	20	-15
0	2	20	-14
0	2	20	-13
0	2	20	-7
0	2	20	6
0	2	20	-2
0	2	20	-3
0	2	20	-18
0	2	20	-19
0	2	20	-23
0	2	20	999
0	2	20	-8
0	2	20	-9
0	2	20	-10
0	2	20	0
0	2	20	0
0	2	20	0
0	2	20	0
0	2	20	0
0	2	20	0
0	2	20	0
0	2	20	0
0	2	20	0
0	2	20	0
0	2	20	0
0	2	20	0
0	2	20	0
0	2	20	0
0	2	20	0
0	2	20	0
0	2	20	0
0	2	20	0
0	2	20	0
0	2	20	0
0	2	20	0
5	2	21	7
8	2	21	3
3	2	21	5
1	2	21	-7
2	2	21	8
4	2	21	1
9	2	21	600
7	2	21	-7
16	2	21	-8
6	2	21	9
99	2	21	1600
5	2	21	17
10	2	21	16
14	2	21	12
13	2	21	600
11	2	21	-7
12	2	21	6
21	2	21	2100
23	2	21	22
18	2	21	21
15	2	21	1800
20	2	21	19
25	2	21	18
2400	2	21	-17
2200	2	21	-22
17	2	21	2300
22	2	21	-22
24	2	21	23
-15	2	21	20
-20	2	21	24
19	2	21	-12
-9	2	21	-16
-10	2	21	-17
-15	2	21	-21
-14	2	21	-22
-18	2	21	-23
-17	2	21	-24
-19	2	21	25
-25	2	21	15
-5	2	21	4
999	2	21	-9
-7	2	21	10
-13	2	21	-5
-12	2	21	-10
0	2	21	-9
0	2	21	14
0	2	21	-12
0	2	21	13
0	2	21	-18
0	2	21	-24
0	2	21	-25
0	2	21	-19
0	2	21	-18
0	2	21	-22
0	2	21	-21
0	2	21	-12
0	2	21	-13
0	2	21	-14
0	2	21	-3
0	2	21	-4
0	2	21	-5
0	2	21	-10
0	2	21	-1
0	2	21	2
0	2	21	-3
0	2	21	-4
0	2	21	-1
0	2	21	-6
0	2	21	-2
0	2	21	-16
0	2	21	11
0	2	21	-17
0	2	21	-18
0	2	21	-19
0	2	21	-20
0	2	21	-25
0	2	21	-24
0	2	21	-23
0	2	21	-22
0	2	21	999
0	2	21	-2
0	2	21	-3
0	2	21	-1
0	2	21	-6
0	2	21	0
0	2	21	0
0	2	21	0
0	2	21	0
0	2	21	0
0	2	21	0
0	2	21	0
0	2	21	0
0	2	21	0
0	2	21	0
0	2	21	0
0	2	21	0
0	2	21	0
0	2	21	0
0	2	21	0
0	2	21	0
5	2	22	8
8	2	22	900
3	2	22	10
1	2	22	1200
2	2	22	13
4	2	22	600
9	2	22	7
7	2	22	6
16	2	22	1
6	2	22	200
99	2	22	3
5	2	22	4
10	2	22	5
14	2	22	-10
13	2	22	15
11	2	22	19
12	2	22	1200
21	2	22	-13
23	2	22	14
18	2	22	99
15	2	22	1100
20	2	22	1200
25	2	22	-8
2400	2	22	9
2200	2	22	99
17	2	22	-9
22	2	22	-10
24	2	22	-15
-15	2	22	-14
-20	2	22	2000
19	2	22	-19
-9	2	22	1800
-10	2	22	24
-15	2	22	20
-14	2	22	18
-18	2	22	1100
-17	2	22	12
-19	2	22	2100
-25	2	22	22
-5	2	22	1600
999	2	22	17
-7	2	22	-6
-13	2	22	-7
-12	2	22	-9
0	2	22	-1
0	2	22	2
0	2	22	11
0	2	22	1600
0	2	22	2100
0	2	22	16
0	2	22	-22
0	2	22	23
0	2	22	21
0	2	22	-7
0	2	22	-7
0	2	22	-8
0	2	22	-9
0	2	22	-10
0	2	22	-15
0	2	22	-14
0	2	22	-13
0	2	22	-19
0	2	22	-18
0	2	22	-17
0	2	22	-23
0	2	22	-22
0	2	22	25
0	2	22	-24
0	2	22	-23
0	2	22	-19
0	2	22	-25
0	2	22	999
0	2	22	-13
0	2	22	-14
0	2	22	-3
0	2	22	-4
0	2	22	-5
0	2	22	-2
0	2	22	-3
0	2	22	-1
0	2	22	-2
0	2	22	-3
0	2	22	0
0	2	22	0
0	2	22	0
0	2	22	0
0	2	22	0
0	2	22	0
0	2	22	0
0	2	22	0
0	2	22	0
0	2	22	0
0	2	22	0
0	2	22	0
0	2	22	0
0	2	22	0
0	2	22	0
0	2	22	0
0	2	22	0
0	2	22	0
5	2	23	7
8	2	23	8
3	2	23	1
1	2	23	2
2	2	23	4
4	2	23	5
9	2	23	600
7	2	23	-7
16	2	23	6
6	2	23	-1
99	2	23	-2
5	2	23	3
10	2	23	13
14	2	23	12
13	2	23	16
11	2	23	21
12	2	23	11
21	2	23	-6
23	2	23	-7
18	2	23	-12
15	2	23	-13
20	2	23	14
25	2	23	10
2400	2	23	-5
2200	2	23	-4
17	2	23	-5
22	2	23	1500
24	2	23	19
-15	2	23	15
-20	2	23	-10
19	2	23	9
-9	2	23	20
-10	2	23	-19
-15	2	23	18
-14	2	23	-16
-18	2	23	-21
-17	2	23	22
-19	2	23	23
-25	2	23	24
-5	2	23	-20
999	2	23	25
-7	2	23	-8
-13	2	23	-9
-12	2	23	-10
0	2	23	-5
0	2	23	-3
0	2	23	-1
0	2	23	-2
0	2	23	-3
0	2	23	-16
0	2	23	-21
0	2	23	0
0	2	23	0
0	2	23	0
0	2	23	0
0	2	23	0
0	2	23	0
0	2	23	0
0	2	23	0
0	2	23	0
0	2	23	0
0	2	23	0
0	2	23	0
0	2	23	0
0	2	23	0
0	2	23	0
0	2	23	0
0	2	23	0
0	2	23	0
0	2	23	0
0	2	23	0
0	2	23	0
0	2	23	0
0	2	23	0
0	2	23	0
0	2	23	0
0	2	23	0
0	2	23	0
0	2	23	0
0	2	23	0
0	2	23	0
0	2	23	0
0	2	23	0
0	2	23	0
0	2	23	0
0	2	23	0
0	2	23	0
0	2	23	0
0	2	23	0
0	2	23	0
0	2	23	0
0	2	23	0
0	2	23	0
0	2	23	0
0	2	23	0
0	2	23	0
0	2	23	0
0	2	23	0
0	2	23	0
0	2	23	0
5	2	24	7
8	2	24	4
3	2	24	9
1	2	24	15
2	2	24	14
4	2	24	8
9	2	24	6
7	2	24	12
16	2	24	13
6	2	24	25
99	2	24	20
5	2	24	10
10	2	24	5
14	2	24	1
13	2	24	11
11	2	24	17
12	2	24	16
21	2	24	21
23	2	24	18
18	2	24	23
15	2	24	22
20	2	24	19
25	2	24	24
2400	2	24	-25
2200	2	24	-24
17	2	24	3
22	2	24	2
24	2	24	999
-15	2	24	-16
-20	2	24	-12
19	2	24	-13
-9	2	24	-8
-10	2	24	-9
-15	2	24	0
-14	2	24	0
-18	2	24	0
-17	2	24	0
-19	2	24	0
-25	2	24	0
-5	2	24	0
999	2	24	0
-7	2	24	0
-13	2	24	0
-12	2	24	0
0	2	24	0
0	2	24	0
0	2	24	0
0	2	24	0
0	2	24	0
0	2	24	0
0	2	24	0
0	2	24	0
0	2	24	0
0	2	24	0
0	2	24	0
0	2	24	0
0	2	24	0
0	2	24	0
0	2	24	0
0	2	24	0
0	2	24	0
0	2	24	0
0	2	24	0
0	2	24	0
0	2	24	0
0	2	24	0
0	2	24	0
0	2	24	0
0	2	24	0
0	2	24	0
0	2	24	0
0	2	24	0
0	2	24	0
0	2	24	0
0	2	24	0
0	2	24	0
0	2	24	0
0	2	24	0
0	2	24	0
0	2	24	0
0	2	24	0
0	2	24	0
0	2	24	0
0	2	24	0
0	2	24	0
0	2	24	0
0	2	24	0
0	2	24	0
0	2	24	0
0	2	24	0
0	2	24	0
0	2	24	0
0	2	24	0
0	2	24	0
0	2	24	0
0	2	24	0
0	2	24	0
0	2	24	0
0	2	24	0
0	2	24	0
5	2	25	7
8	2	25	9
3	2	25	500
1	2	25	3
2	2	25	1
4	2	25	2
9	2	25	8
7	2	25	14
16	2	25	15
6	2	25	20
99	2	25	19
5	2	25	18
10	2	25	13
14	2	25	17
13	2	25	2100
11	2	25	16
12	2	25	21
21	2	25	22
23	2	25	23
18	2	25	24
15	2	25	12
20	2	25	6
25	2	25	11
2400	2	25	25
2200	2	25	999
17	2	25	4
22	2	25	5
24	2	25	10
-15	2	25	-5
-20	2	25	-3
19	2	25	-7
-9	2	25	0
-10	2	25	0
-15	2	25	0
-14	2	25	0
-18	2	25	0
-17	2	25	0
-19	2	25	0
-25	2	25	0
-5	2	25	0
999	2	25	0
-7	2	25	0
-13	2	25	0
-12	2	25	0
0	2	25	0
0	2	25	0
0	2	25	0
0	2	25	0
0	2	25	0
0	2	25	0
0	2	25	0
0	2	25	0
0	2	25	0
0	2	25	0
0	2	25	0
0	2	25	0
0	2	25	0
0	2	25	0
0	2	25	0
0	2	25	0
0	2	25	0
0	2	25	0
0	2	25	0
0	2	25	0
0	2	25	0
0	2	25	0
0	2	25	0
0	2	25	0
0	2	25	0
0	2	25	0
0	2	25	0
0	2	25	0
0	2	25	0
0	2	25	0
0	2	25	0
0	2	25	0
0	2	25	0
0	2	25	0
0	2	25	0
0	2	25	0
0	2	25	0
0	2	25	0
0	2	25	0
0	2	25	0
0	2	25	0
0	2	25	0
0	2	25	0
0	2	25	0
0	2	25	0
0	2	25	0
0	2	25	0
0	2	25	0
0	2	25	0
0	2	25	0
0	2	25	0
0	2	25	0
0	2	25	0
0	2	25	0
0	2	25	0
0	2	25	0
5	2	26	10
8	2	26	5
3	2	26	4
1	2	26	800
2	2	26	3
4	2	26	9
9	2	26	2
7	2	26	1
16	2	26	11
6	2	26	6
99	2	26	8
5	2	26	7
10	2	26	14
14	2	26	15
13	2	26	20
11	2	26	99
12	2	26	25
21	2	26	19
23	2	26	23
18	2	26	18
15	2	26	13
20	2	26	12
25	2	26	17
2400	2	26	22
2200	2	26	21
17	2	26	16
22	2	26	24
24	2	26	-4
-15	2	26	-3
-20	2	26	-1
19	2	26	-2
-9	2	26	-3
-10	2	26	0
-15	2	26	0
-14	2	26	0
-18	2	26	0
-17	2	26	0
-19	2	26	0
-25	2	26	0
-5	2	26	0
999	2	26	0
-7	2	26	0
-13	2	26	0
-12	2	26	0
0	2	26	0
0	2	26	0
0	2	26	0
0	2	26	0
0	2	26	0
0	2	26	0
0	2	26	0
0	2	26	0
0	2	26	0
0	2	26	0
0	2	26	0
0	2	26	0
0	2	26	0
0	2	26	0
0	2	26	0
0	2	26	0
0	2	26	0
0	2	26	0
0	2	26	0
0	2	26	0
0	2	26	0
0	2	26	0
0	2	26	0
0	2	26	0
0	2	26	0
0	2	26	0
0	2	26	0
0	2	26	0
0	2	26	0
0	2	26	0
0	2	26	0
0	2	26	0
0	2	26	0
0	2	26	0
0	2	26	0
0	2	26	0
0	2	26	0
0	2	26	0
0	2	26	0
0	2	26	0
0	2	26	0
0	2	26	0
0	2	26	0
0	2	26	0
0	2	26	0
0	2	26	0
0	2	26	0
0	2	26	0
0	2	26	0
0	2	26	0
0	2	26	0
0	2	26	0
0	2	26	0
0	2	26	0
0	2	26	0
0	2	26	0
5	2	27	3
8	2	27	200
3	2	27	8
1	2	27	99
2	2	27	6
4	2	27	9
9	2	27	10
7	2	27	4
16	2	27	12
6	2	27	13
99	2	27	14
5	2	27	7
10	2	27	1
14	2	27	2
13	2	27	11
11	2	27	17
12	2	27	16
21	2	27	99
23	2	27	-17
18	2	27	18
15	2	27	21
20	2	27	22
25	2	27	19
2400	2	27	15
2200	2	27	5
17	2	27	20
22	2	27	25
24	2	27	99
-15	2	27	24
-20	2	27	2300
19	2	27	-18
-9	2	27	23
-10	2	27	-2
-15	2	27	-3
-14	2	27	-4
-18	2	27	-5
-17	2	27	-4
-19	2	27	0
-25	2	27	0
-5	2	27	0
999	2	27	0
-7	2	27	0
-13	2	27	0
-12	2	27	0
0	2	27	0
0	2	27	0
0	2	27	0
0	2	27	0
0	2	27	0
0	2	27	0
0	2	27	0
0	2	27	0
0	2	27	0
0	2	27	0
0	2	27	0
0	2	27	0
0	2	27	0
0	2	27	0
0	2	27	0
0	2	27	0
0	2	27	0
0	2	27	0
0	2	27	0
0	2	27	0
0	2	27	0
0	2	27	0
0	2	27	0
0	2	27	0
0	2	27	0
0	2	27	0
0	2	27	0
0	2	27	0
0	2	27	0
0	2	27	0
0	2	27	0
0	2	27	0
0	2	27	0
0	2	27	0
0	2	27	0
0	2	27	0
0	2	27	0
0	2	27	0
0	2	27	0
0	2	27	0
0	2	27	0
0	2	27	0
0	2	27	0
0	2	27	0
0	2	27	0
0	2	27	0
0	2	27	0
0	2	27	0
0	2	27	0
0	2	27	0
0	2	27	0
0	2	27	0
0	2	27	0
0	2	27	0
0	2	27	0
0	2	27	0
5	2	28	8
8	2	28	5
3	2	28	100
1	2	28	2
2	2	28	1
4	2	28	400
9	2	28	-5
7	2	28	4
16	2	28	-8
6	2	28	14
99	2	28	-14
5	2	28	15
10	2	28	600
14	2	28	7
13	2	28	6
11	2	28	-2
12	2	28	3
21	2	28	1700
23	2	28	18
18	2	28	2100
15	2	28	17
20	2	28	1600
25	2	28	-17
2400	2	28	-18
2200	2	28	19
17	2	28	13
22	2	28	1600
24	2	28	-17
-15	2	28	16
-20	2	28	-6
19	2	28	-7
-9	2	28	-8
-10	2	28	10
-15	2	28	20
-14	2	28	25
-18	2	28	24
-17	2	28	2300
-19	2	28	22
-25	2	28	21
-5	2	28	-17
999	2	28	-18
-7	2	28	-24
-13	2	28	-25
-12	2	28	-20
0	2	28	-19
0	2	28	-22
0	2	28	-23
0	2	28	-16
0	2	28	-21
0	2	28	-22
0	2	28	-14
0	2	28	-15
0	2	28	-2
0	2	28	-3
0	2	28	-4
0	2	28	999
0	2	28	-3
0	2	28	-4
0	2	28	-8
0	2	28	9
0	2	28	-15
0	2	28	-20
0	2	28	-19
0	2	28	-23
0	2	28	-24
0	2	28	0
0	2	28	0
0	2	28	0
0	2	28	0
0	2	28	0
0	2	28	0
0	2	28	0
0	2	28	0
0	2	28	0
0	2	28	0
0	2	28	0
0	2	28	0
0	2	28	0
0	2	28	0
0	2	28	0
0	2	28	0
0	2	28	0
0	2	28	0
0	2	28	0
0	2	28	0
0	2	28	0
0	2	28	0
0	2	28	0
0	2	28	0
0	2	28	0
0	2	28	0
0	2	28	0
0	2	28	0
0	2	28	0
0	2	28	0
0	2	28	0
0	2	28	0
0	2	28	0
0	2	28	0
0	2	28	0
5	2	29	600
8	2	29	7
3	2	29	3
1	2	29	100
2	2	29	2
4	2	29	1
9	2	29	1100
7	2	29	6
16	2	29	-1
6	2	29	-2
99	2	29	300
5	2	29	4
10	2	29	9
14	2	29	10
13	2	29	15
11	2	29	-10
12	2	29	-4
21	2	29	5
23	2	29	1600
18	2	29	1700
15	2	29	12
20	2	29	17
25	2	29	16
2400	2	29	21
2200	2	29	2200
17	2	29	23
22	2	29	1800
24	2	29	19
-15	2	29	13
-20	2	29	-12
19	2	29	1100
-9	2	29	-7
-10	2	29	8
-15	2	29	11
-14	2	29	-16
-18	2	29	-17
-17	2	29	-21
-19	2	29	2200
-25	2	29	-23
-5	2	29	-19
999	2	29	20
-7	2	29	-19
-13	2	29	1800
-12	2	29	-12
0	2	29	-11
0	2	29	-12
0	2	29	18
0	2	29	-20
0	2	29	-15
0	2	29	-10
0	2	29	-15
0	2	29	-19
0	2	29	-18
0	2	29	2400
0	2	29	-23
0	2	29	22
0	2	29	24
0	2	29	25
0	2	29	-11
0	2	29	-12
0	2	29	-16
0	2	29	-22
0	2	29	-21
0	2	29	-22
0	2	29	-23
0	2	29	-24
0	2	29	-19
0	2	29	-20
0	2	29	14
0	2	29	-2
0	2	29	-3
0	2	29	-4
0	2	29	-5
0	2	29	-10
0	2	29	-9
0	2	29	-14
0	2	29	-6
0	2	29	-2
0	2	29	0
0	2	29	0
0	2	29	0
0	2	29	0
0	2	29	0
0	2	29	0
0	2	29	0
0	2	29	0
0	2	29	0
0	2	29	0
0	2	29	0
0	2	29	0
0	2	29	0
0	2	29	0
0	2	29	0
0	2	29	0
0	2	29	0
0	2	29	0
0	2	29	0
0	2	29	0
0	2	29	0
0	2	29	0
5	2	30	12
8	2	30	3
3	2	30	8
1	2	30	6
2	2	30	100
4	2	30	2
9	2	30	7
7	2	30	1
16	2	30	11
6	2	30	19
99	2	30	13
5	2	30	14
10	2	30	900
14	2	30	4
13	2	30	20
11	2	30	18
12	2	30	-19
21	2	30	-14
23	2	30	9
18	2	30	15
15	2	30	10
20	2	30	17
25	2	30	16
2400	2	30	22
2200	2	30	21
17	2	30	24
22	2	30	23
24	2	30	25
-15	2	30	999
-20	2	30	-2
19	2	30	-3
-9	2	30	-4
-10	2	30	-8
-15	2	30	-7
-14	2	30	-6
-18	2	30	-11
-17	2	30	0
-19	2	30	0
-25	2	30	0
-5	2	30	0
999	2	30	0
-7	2	30	0
-13	2	30	0
-12	2	30	0
0	2	30	0
0	2	30	0
0	2	30	0
0	2	30	0
0	2	30	0
0	2	30	0
0	2	30	0
0	2	30	0
0	2	30	0
0	2	30	0
0	2	30	0
0	2	30	0
0	2	30	0
0	2	30	0
0	2	30	0
0	2	30	0
0	2	30	0
0	2	30	0
0	2	30	0
0	2	30	0
0	2	30	0
0	2	30	0
0	2	30	0
0	2	30	0
0	2	30	0
0	2	30	0
0	2	30	0
0	2	30	0
0	2	30	0
0	2	30	0
0	2	30	0
0	2	30	0
0	2	30	0
0	2	30	0
0	2	30	0
0	2	30	0
0	2	30	0
0	2	30	0
0	2	30	0
0	2	30	0
0	2	30	0
0	2	30	0
0	2	30	0
0	2	30	0
0	2	30	0
0	2	30	0
0	2	30	0
0	2	30	0
0	2	30	0
0	2	30	0
0	2	30	0
0	2	30	0
0	2	30	0
0	2	30	0
0	2	30	0
0	2	30	0
5	2	31	2
8	2	31	-2
3	2	31	1
1	2	31	9
2	2	31	24
4	2	31	12
9	2	31	7
7	2	31	8
16	2	31	3
6	2	31	4
99	2	31	5
5	2	31	6
10	2	31	11
14	2	31	16
13	2	31	21
11	2	31	17
12	2	31	22
21	2	31	18
23	2	31	13
18	2	31	-9
15	2	31	14
20	2	31	19
25	2	31	-13
2400	2	31	20
2200	2	31	15
17	2	31	23
22	2	31	25
24	2	31	999
-15	2	31	10
-20	2	31	-17
19	2	31	-18
-9	2	31	-19
-10	2	31	-22
-15	2	31	999
-14	2	31	-4
-18	2	31	-5
-17	2	31	-2
-19	2	31	0
-25	2	31	0
-5	2	31	0
999	2	31	0
-7	2	31	0
-13	2	31	0
-12	2	31	0
0	2	31	0
0	2	31	0
0	2	31	0
0	2	31	0
0	2	31	0
0	2	31	0
0	2	31	0
0	2	31	0
0	2	31	0
0	2	31	0
0	2	31	0
0	2	31	0
0	2	31	0
0	2	31	0
0	2	31	0
0	2	31	0
0	2	31	0
0	2	31	0
0	2	31	0
0	2	31	0
0	2	31	0
0	2	31	0
0	2	31	0
0	2	31	0
0	2	31	0
0	2	31	0
0	2	31	0
0	2	31	0
0	2	31	0
0	2	31	0
0	2	31	0
0	2	31	0
0	2	31	0
0	2	31	0
0	2	31	0
0	2	31	0
0	2	31	0
0	2	31	0
0	2	31	0
0	2	31	0
0	2	31	0
0	2	31	0
0	2	31	0
0	2	31	0
0	2	31	0
0	2	31	0
0	2	31	0
0	2	31	0
0	2	31	0
0	2	31	0
0	2	31	0
0	2	31	0
0	2	31	0
0	2	31	0
0	2	31	0
0	2	31	0
5	2	32	400
8	2	32	5
3	2	32	10
1	2	32	15
2	2	32	8
4	2	32	100
9	2	32	2
7	2	32	1
16	2	32	6
6	2	32	99
99	2	32	14
5	2	32	19
10	2	32	18
14	2	32	11
13	2	32	7
11	2	32	13
12	2	32	12
21	2	32	17
23	2	32	16
18	2	32	21
15	2	32	24
20	2	32	22
25	2	32	20
2400	2	32	25
2200	2	32	23
17	2	32	9
22	2	32	4
24	2	32	-5
-15	2	32	-10
-20	2	32	-14
19	2	32	-15
-9	2	32	-2
-10	2	32	-3
-15	2	32	-4
-14	2	32	-7
-18	2	32	0
-17	2	32	0
-19	2	32	0
-25	2	32	0
-5	2	32	0
999	2	32	0
-7	2	32	0
-13	2	32	0
-12	2	32	0
0	2	32	0
0	2	32	0
0	2	32	0
0	2	32	0
0	2	32	0
0	2	32	0
0	2	32	0
0	2	32	0
0	2	32	0
0	2	32	0
0	2	32	0
0	2	32	0
0	2	32	0
0	2	32	0
0	2	32	0
0	2	32	0
0	2	32	0
0	2	32	0
0	2	32	0
0	2	32	0
0	2	32	0
0	2	32	0
0	2	32	0
0	2	32	0
0	2	32	0
0	2	32	0
0	2	32	0
0	2	32	0
0	2	32	0
0	2	32	0
0	2	32	0
0	2	32	0
0	2	32	0
0	2	32	0
0	2	32	0
0	2	32	0
0	2	32	0
0	2	32	0
0	2	32	0
0	2	32	0
0	2	32	0
0	2	32	0
0	2	32	0
0	2	32	0
0	2	32	0
0	2	32	0
0	2	32	0
0	2	32	0
0	2	32	0
0	2	32	0
0	2	32	0
0	2	32	0
0	2	32	0
0	2	32	0
0	2	32	0
0	2	32	0
5	2	33	4
8	2	33	10
3	2	33	2
1	2	33	3
2	2	33	1
4	2	33	7
9	2	33	6
7	2	33	12
16	2	33	11
6	2	33	13
99	2	33	8
5	2	33	9
10	2	33	18
14	2	33	16
13	2	33	17
11	2	33	22
12	2	33	23
21	2	33	21
23	2	33	15
18	2	33	14
15	2	33	5
20	2	33	20
25	2	33	25
2400	2	33	19
2200	2	33	24
17	2	33	0
22	2	33	0
24	2	33	0
-15	2	33	0
-20	2	33	0
19	2	33	0
-9	2	33	0
-10	2	33	0
-15	2	33	0
-14	2	33	0
-18	2	33	0
-17	2	33	0
-19	2	33	0
-25	2	33	0
-5	2	33	0
999	2	33	0
-7	2	33	0
-13	2	33	0
-12	2	33	0
0	2	33	0
0	2	33	0
0	2	33	0
0	2	33	0
0	2	33	0
0	2	33	0
0	2	33	0
0	2	33	0
0	2	33	0
0	2	33	0
0	2	33	0
0	2	33	0
0	2	33	0
0	2	33	0
0	2	33	0
0	2	33	0
0	2	33	0
0	2	33	0
0	2	33	0
0	2	33	0
0	2	33	0
0	2	33	0
0	2	33	0
0	2	33	0
0	2	33	0
0	2	33	0
0	2	33	0
0	2	33	0
0	2	33	0
0	2	33	0
0	2	33	0
0	2	33	0
0	2	33	0
0	2	33	0
0	2	33	0
0	2	33	0
0	2	33	0
0	2	33	0
0	2	33	0
0	2	33	0
0	2	33	0
0	2	33	0
0	2	33	0
0	2	33	0
0	2	33	0
0	2	33	0
0	2	33	0
0	2	33	0
0	2	33	0
0	2	33	0
0	2	33	0
0	2	33	0
0	2	33	0
0	2	33	0
0	2	33	0
0	2	33	0
5	2	34	8
8	2	34	99
3	2	34	100
1	2	34	2
2	2	34	4
4	2	34	13
9	2	34	14
7	2	34	15
16	2	34	5
6	2	34	10
99	2	34	-15
5	2	34	20
10	2	34	25
14	2	34	23
13	2	34	-20
11	2	34	19
12	2	34	1100
21	2	34	12
23	2	34	7
18	2	34	-2
15	2	34	3
20	2	34	1100
25	2	34	-12
2400	2	34	-14
2200	2	34	-13
17	2	34	-8
22	2	34	900
24	2	34	-10
-15	2	34	9
-20	2	34	-3
19	2	34	-4
-9	2	34	-5
-10	2	34	6
-15	2	34	1600
-14	2	34	17
-18	2	34	2100
-17	2	34	2200
-19	2	34	24
-25	2	34	2200
-5	2	34	2100
999	2	34	1600
-7	2	34	-17
-13	2	34	11
-12	2	34	-17
0	2	34	18
0	2	34	21
0	2	34	1600
0	2	34	-17
0	2	34	16
0	2	34	-11
0	2	34	-12
0	2	34	-13
0	2	34	-14
0	2	34	-15
0	2	34	-20
0	2	34	-19
0	2	34	-18
0	2	34	-17
0	2	34	2200
0	2	34	-23
0	2	34	22
0	2	34	-24
0	2	34	-23
0	2	34	-25
0	2	34	-24
0	2	34	-3
0	2	34	-4
0	2	34	-2
0	2	34	1
0	2	34	-11
0	2	34	-16
0	2	34	-5
0	2	34	-10
0	2	34	-9
0	2	34	-4
0	2	34	0
0	2	34	0
0	2	34	0
0	2	34	0
0	2	34	0
0	2	34	0
0	2	34	0
0	2	34	0
0	2	34	0
0	2	34	0
0	2	34	0
0	2	34	0
0	2	34	0
0	2	34	0
0	2	34	0
0	2	34	0
0	2	34	0
0	2	34	0
0	2	34	0
0	2	34	0
0	2	34	0
0	2	34	0
0	2	34	0
0	2	34	0
0	2	34	0
5	2	35	2
8	2	35	3
3	2	35	5
1	2	35	4
2	2	35	1300
4	2	35	14
9	2	35	1600
7	2	35	17
16	2	35	13
6	2	35	7
99	2	35	600
5	2	35	-7
10	2	35	8
14	2	35	900
13	2	35	10
11	2	35	1600
12	2	35	-17
21	2	35	18
23	2	35	-14
18	2	35	15
15	2	35	16
20	2	35	-8
25	2	35	9
2400	2	35	600
2200	2	35	-7
17	2	35	6
22	2	35	1
24	2	35	-2
-15	2	35	-3
-20	2	35	-7
19	2	35	1100
-9	2	35	12
-10	2	35	-17
-15	2	35	-16
-14	2	35	2100
-18	2	35	2200
-17	2	35	2300
-19	2	35	19
-25	2	35	23
-5	2	35	22
999	2	35	21
-7	2	35	-16
-13	2	35	-17
-12	2	35	-18
0	2	35	-22
0	2	35	-21
0	2	35	-22
0	2	35	-21
0	2	35	-23
0	2	35	25
0	2	35	-3
0	2	35	-4
0	2	35	-5
0	2	35	-9
0	2	35	-8
0	2	35	11
0	2	35	999
0	2	35	-9
0	2	35	-10
0	2	35	-14
0	2	35	-19
0	2	35	20
0	2	35	-25
0	2	35	24
0	2	35	-7
0	2	35	-11
0	2	35	-12
0	2	35	-16
0	2	35	-17
0	2	35	-21
0	2	35	-22
0	2	35	-23
0	2	35	-19
0	2	35	-20
0	2	35	-25
0	2	35	-24
0	2	35	0
0	2	35	0
0	2	35	0
0	2	35	0
0	2	35	0
0	2	35	0
0	2	35	0
0	2	35	0
0	2	35	0
0	2	35	0
0	2	35	0
0	2	35	0
0	2	35	0
0	2	35	0
0	2	35	0
0	2	35	0
0	2	35	0
0	2	35	0
0	2	35	0
0	2	35	0
0	2	35	0
0	2	35	0
0	2	35	0
0	2	35	0
5	2	36	2
8	2	36	4
3	2	36	1
1	2	36	7
2	2	36	13
4	2	36	14
9	2	36	-13
7	2	36	8
16	2	36	10
6	2	36	9
99	2	36	20
5	2	36	15
10	2	36	5
14	2	36	6
13	2	36	1100
11	2	36	12
12	2	36	23
21	2	36	18
23	2	36	17
18	2	36	-17
15	2	36	16
20	2	36	22
25	2	36	21
2400	2	36	11
2200	2	36	-10
17	2	36	-14
22	2	36	-13
24	2	36	-8
-15	2	36	3
-20	2	36	19
19	2	36	24
-9	2	36	25
-10	2	36	999
-15	2	36	-8
-14	2	36	-9
-18	2	36	-8
-17	2	36	-12
-19	2	36	-11
-25	2	36	-6
-5	2	36	-2
999	2	36	-8
-7	2	36	-14
-13	2	36	-23
-12	2	36	0
0	2	36	0
0	2	36	0
0	2	36	0
0	2	36	0
0	2	36	0
0	2	36	0
0	2	36	0
0	2	36	0
0	2	36	0
0	2	36	0
0	2	36	0
0	2	36	0
0	2	36	0
0	2	36	0
0	2	36	0
0	2	36	0
0	2	36	0
0	2	36	0
0	2	36	0
0	2	36	0
0	2	36	0
0	2	36	0
0	2	36	0
0	2	36	0
0	2	36	0
0	2	36	0
0	2	36	0
0	2	36	0
0	2	36	0
0	2	36	0
0	2	36	0
0	2	36	0
0	2	36	0
0	2	36	0
0	2	36	0
0	2	36	0
0	2	36	0
0	2	36	0
0	2	36	0
0	2	36	0
0	2	36	0
0	2	36	0
0	2	36	0
0	2	36	0
0	2	36	0
0	2	36	0
0	2	36	0
0	2	36	0
0	2	36	0
0	2	36	0
0	2	36	0
0	2	36	0
0	2	36	0
0	2	36	0
0	2	36	0
0	2	36	0
5	2	37	800
8	2	37	9
3	2	37	2200
1	2	37	23
2	2	37	99
4	2	37	700
9	2	37	8
7	2	37	7
16	2	37	600
6	2	37	-7
99	2	37	300
5	2	37	10
10	2	37	2000
14	2	37	19
13	2	37	17
11	2	37	1100
12	2	37	12
21	2	37	1600
23	2	37	-12
18	2	37	11
15	2	37	600
20	2	37	-7
25	2	37	-8
2400	2	37	-9
2200	2	37	1500
17	2	37	14
22	2	37	15
24	2	37	25
-15	2	37	20
-20	2	37	-15
19	2	37	-14
-9	2	37	18
-10	2	37	-9
-15	2	37	-10
-14	2	37	5
-18	2	37	4
-17	2	37	3
-19	2	37	-23
-25	2	37	24
-5	2	37	2
999	2	37	1
-7	2	37	-11
-13	2	37	-12
-12	2	37	1600
0	2	37	-17
0	2	37	-18
0	2	37	-24
0	2	37	-25
0	2	37	-20
0	2	37	-9
0	2	37	16
0	2	37	-17
0	2	37	21
0	2	37	2200
0	2	37	-18
0	2	37	-24
0	2	37	-14
0	2	37	-17
0	2	37	-21
0	2	37	22
0	2	37	6
0	2	37	-2
0	2	37	-1
0	2	37	-2
0	2	37	-3
0	2	37	-4
0	2	37	-5
0	2	37	-9
0	2	37	13
0	2	37	-11
0	2	37	-12
0	2	37	-16
0	2	37	-22
0	2	37	-15
0	2	37	-14
0	2	37	-18
0	2	37	-17
0	2	37	-2
0	2	37	-3
0	2	37	-4
0	2	37	-5
0	2	37	-8
0	2	37	-9
0	2	37	99
0	2	37	-1
0	2	37	-6
0	2	37	-2
0	2	37	-3
0	2	37	999
0	2	37	-9
0	2	37	-10
0	2	37	-5
0	2	37	-4
0	2	37	-21
0	2	37	0
0	2	37	0
0	2	37	0
0	2	37	0
0	2	37	0
0	2	37	0
5	2	38	8
8	2	38	3
3	2	38	4
1	2	38	10
2	2	38	15
4	2	38	2
9	2	38	1100
7	2	38	12
16	2	38	1100
6	2	38	600
99	2	38	700
5	2	38	9
10	2	38	500
14	2	38	-4
13	2	38	-3
11	2	38	-2
12	2	38	6
21	2	38	1
23	2	38	1600
18	2	38	1100
15	2	38	-12
20	2	38	1300
25	2	38	7
2400	2	38	14
2200	2	38	25
17	2	38	24
22	2	38	19
24	2	38	20
-15	2	38	-19
-20	2	38	23
19	2	38	18
-9	2	38	-15
-10	2	38	-14
-15	2	38	-20
-14	2	38	-19
-18	2	38	-18
-17	2	38	17
-19	2	38	16
-25	2	38	21
-5	2	38	-12
999	2	38	13
-7	2	38	11
-13	2	38	-17
-12	2	38	-21
0	2	38	2200
0	2	38	-23
0	2	38	-24
0	2	38	-25
0	2	38	-24
0	2	38	-23
0	2	38	22
0	2	38	-12
0	2	38	-11
0	2	38	-6
0	2	38	-7
0	2	38	-1
0	2	38	-2
0	2	38	-3
0	2	38	-4
0	2	38	-5
0	2	38	-10
0	2	38	-9
0	2	38	-8
0	2	38	-21
0	2	38	-22
0	2	38	-19
0	2	38	-20
0	2	38	-5
0	2	38	999
0	2	38	-19
0	2	38	-20
0	2	38	-15
0	2	38	-14
0	2	38	-13
0	2	38	-12
0	2	38	-16
0	2	38	-21
0	2	38	-22
0	2	38	-23
0	2	38	-4
0	2	38	-5
0	2	38	999
0	2	38	-4
0	2	38	-3
0	2	38	-4
0	2	38	-5
0	2	38	-10
0	2	38	-4
0	2	38	-3
0	2	38	-2
0	2	38	-3
0	2	38	-4
0	2	38	-8
0	2	38	-12
0	2	38	0
0	2	38	0
0	2	38	0
0	2	38	0
0	2	38	0
0	2	38	0
5	2	39	10
8	2	39	9
3	2	39	700
1	2	39	8
2	2	39	300
4	2	39	2
9	2	39	600
7	2	39	-2
16	2	39	300
6	2	39	4
99	2	39	3
5	2	39	-9
10	2	39	1400
14	2	39	1800
13	2	39	19
11	2	39	1400
12	2	39	1500
21	2	39	20
23	2	39	25
18	2	39	-25
15	2	39	-20
20	2	39	14
25	2	39	-10
2400	2	39	5
2200	2	39	-3
17	2	39	-4
22	2	39	-5
24	2	39	-9
-15	2	39	-8
-20	2	39	1200
19	2	39	1100
-9	2	39	1600
-10	2	39	2100
-15	2	39	17
-14	2	39	12
-18	2	39	7
-17	2	39	99
-19	2	39	2400
-25	2	39	-20
-5	2	39	-25
999	2	39	2400
-7	2	39	2300
-13	2	39	2200
-12	2	39	-12
0	2	39	18
0	2	39	24
0	2	39	23
0	2	39	22
0	2	39	2100
0	2	39	1600
0	2	39	-17
0	2	39	1600
0	2	39	2100
0	2	39	16
0	2	39	-17
0	2	39	-18
0	2	39	2100
0	2	39	-22
0	2	39	-24
0	2	39	2100
0	2	39	-22
0	2	39	21
0	2	39	600
0	2	39	-7
0	2	39	6
0	2	39	-2
0	2	39	-3
0	2	39	-4
0	2	39	-10
0	2	39	-9
0	2	39	-2
0	2	39	1
0	2	39	-6
0	2	39	1100
0	2	39	-16
0	2	39	-21
0	2	39	-22
0	2	39	-23
0	2	39	-24
0	2	39	-25
0	2	39	-7
0	2	39	-6
0	2	39	11
0	2	39	999
0	2	39	-3
0	2	39	-2
0	2	39	-7
0	2	39	-4
0	2	39	99
0	2	39	-21
0	2	39	-22
0	2	39	-17
0	2	39	-18
0	2	39	13
0	2	39	-12
0	2	39	-11
0	2	39	-7
0	2	39	-8
0	2	39	-9
0	2	39	-10
5	2	40	5
8	2	40	4
3	2	40	1
1	2	40	2
2	2	40	7
4	2	40	8
9	2	40	9
7	2	40	15
16	2	40	10
6	2	40	3
99	2	40	1100
5	2	40	12
10	2	40	6
14	2	40	16
13	2	40	11
11	2	40	13
12	2	40	17
21	2	40	23
23	2	40	22
18	2	40	21
15	2	40	18
20	2	40	20
25	2	40	14
2400	2	40	25
2200	2	40	999
17	2	40	24
22	2	40	19
24	2	40	0
-15	2	40	0
-20	2	40	0
19	2	40	0
-9	2	40	0
-10	2	40	0
-15	2	40	0
-14	2	40	0
-18	2	40	0
-17	2	40	0
-19	2	40	0
-25	2	40	0
-5	2	40	0
999	2	40	0
-7	2	40	0
-13	2	40	0
-12	2	40	0
0	2	40	0
0	2	40	0
0	2	40	0
0	2	40	0
0	2	40	0
0	2	40	0
0	2	40	0
0	2	40	0
0	2	40	0
0	2	40	0
0	2	40	0
0	2	40	0
0	2	40	0
0	2	40	0
0	2	40	0
0	2	40	0
0	2	40	0
0	2	40	0
0	2	40	0
0	2	40	0
0	2	40	0
0	2	40	0
0	2	40	0
0	2	40	0
0	2	40	0
0	2	40	0
0	2	40	0
0	2	40	0
0	2	40	0
0	2	40	0
0	2	40	0
0	2	40	0
0	2	40	0
0	2	40	0
0	2	40	0
0	2	40	0
0	2	40	0
0	2	40	0
0	2	40	0
0	2	40	0
0	2	40	0
0	2	40	0
0	2	40	0
0	2	40	0
0	2	40	0
0	2	40	0
0	2	40	0
0	2	40	0
0	2	40	0
0	2	40	0
0	2	40	0
0	2	40	0
0	2	40	0
0	2	40	0
0	2	40	0
0	2	40	0
5	2	41	5
8	2	41	10
3	2	41	9
1	2	41	7
2	2	41	2
4	2	41	4
9	2	41	3
7	2	41	-2
16	2	41	1
6	2	41	17
99	2	41	12
5	2	41	13
10	2	41	14
14	2	41	15
13	2	41	8
11	2	41	19
12	2	41	20
21	2	41	24
23	2	41	25
18	2	41	23
15	2	41	18
20	2	41	1600
25	2	41	11
2400	2	41	16
2200	2	41	2100
17	2	41	22
22	2	41	21
24	2	41	6
-15	2	41	-3
-20	2	41	0
19	2	41	0
-9	2	41	0
-10	2	41	0
-15	2	41	0
-14	2	41	0
-18	2	41	0
-17	2	41	0
-19	2	41	0
-25	2	41	0
-5	2	41	0
999	2	41	0
-7	2	41	0
-13	2	41	0
-12	2	41	0
0	2	41	0
0	2	41	0
0	2	41	0
0	2	41	0
0	2	41	0
0	2	41	0
0	2	41	0
0	2	41	0
0	2	41	0
0	2	41	0
0	2	41	0
0	2	41	0
0	2	41	0
0	2	41	0
0	2	41	0
0	2	41	0
0	2	41	0
0	2	41	0
0	2	41	0
0	2	41	0
0	2	41	0
0	2	41	0
0	2	41	0
0	2	41	0
0	2	41	0
0	2	41	0
0	2	41	0
0	2	41	0
0	2	41	0
0	2	41	0
0	2	41	0
0	2	41	0
0	2	41	0
0	2	41	0
0	2	41	0
0	2	41	0
0	2	41	0
0	2	41	0
0	2	41	0
0	2	41	0
0	2	41	0
0	2	41	0
0	2	41	0
0	2	41	0
0	2	41	0
0	2	41	0
0	2	41	0
0	2	41	0
0	2	41	0
0	2	41	0
0	2	41	0
0	2	41	0
0	2	41	0
0	2	41	0
0	2	41	0
0	2	41	0
5	2	42	9
8	2	42	5
3	2	42	10
1	2	42	1
2	2	42	2
4	2	42	3
9	2	42	-1
7	2	42	6
16	2	42	12
6	2	42	7
99	2	42	13
5	2	42	14
10	2	42	20
14	2	42	25
13	2	42	15
11	2	42	-9
12	2	42	-10
21	2	42	-15
23	2	42	-14
18	2	42	-13
15	2	42	1700
20	2	42	1600
25	2	42	17
2400	2	42	16
2200	2	42	99
17	2	42	11
22	2	42	-12
24	2	42	-13
-15	2	42	-17
-20	2	42	22
19	2	42	21
-9	2	42	-11
-10	2	42	-12
-15	2	42	-17
-14	2	42	18
-18	2	42	23
-17	2	42	2400
-19	2	42	-25
-25	2	42	24
-5	2	42	-2
999	2	42	-3
-7	2	42	4
-13	2	42	-1
-12	2	42	-2
0	2	42	-6
0	2	42	-16
0	2	42	-21
0	2	42	-22
0	2	42	-18
0	2	42	999
0	2	42	-4
0	2	42	-5
0	2	42	-3
0	2	42	-7
0	2	42	8
0	2	42	-6
0	2	42	-7
0	2	42	-11
0	2	42	-12
0	2	42	-13
0	2	42	-17
0	2	42	-23
0	2	42	-22
0	2	42	0
0	2	42	0
0	2	42	0
0	2	42	0
0	2	42	0
0	2	42	0
0	2	42	0
0	2	42	0
0	2	42	0
0	2	42	0
0	2	42	0
0	2	42	0
0	2	42	0
0	2	42	0
0	2	42	0
0	2	42	0
0	2	42	0
0	2	42	0
0	2	42	0
0	2	42	0
0	2	42	0
0	2	42	0
0	2	42	0
0	2	42	0
0	2	42	0
0	2	42	0
0	2	42	0
0	2	42	0
0	2	42	0
0	2	42	0
0	2	42	0
0	2	42	0
0	2	42	0
0	2	42	0
0	2	42	0
0	2	42	0
0	2	42	0
5	2	43	4
8	2	43	5
3	2	43	14
1	2	43	6
2	2	43	100
4	2	43	2
9	2	43	7
7	2	43	1
16	2	43	11
6	2	43	1600
99	2	43	12
5	2	43	17
10	2	43	1600
14	2	43	-11
13	2	43	-6
11	2	43	3
12	2	43	8
21	2	43	9
23	2	43	10
18	2	43	-5
15	2	43	-4
20	2	43	-3
25	2	43	-7
2400	2	43	-12
2200	2	43	1600
17	2	43	-17
22	2	43	18
24	2	43	13
-15	2	43	-17
-20	2	43	-18
19	2	43	19
-9	2	43	20
-10	2	43	2200
-15	2	43	23
-14	2	43	21
-18	2	43	-11
-17	2	43	-18
-19	2	43	-17
-25	2	43	-21
-5	2	43	22
999	2	43	-14
-7	2	43	-20
-13	2	43	-19
-12	2	43	-18
0	2	43	-17
0	2	43	16
0	2	43	-16
0	2	43	-21
0	2	43	-22
0	2	43	-23
0	2	43	2400
0	2	43	25
0	2	43	24
0	2	43	-23
0	2	43	-22
0	2	43	-21
0	2	43	-17
0	2	43	-18
0	2	43	-19
0	2	43	-20
0	2	43	-25
0	2	43	-24
0	2	43	-5
0	2	43	-10
0	2	43	-14
0	2	43	-8
0	2	43	-6
0	2	43	-11
0	2	43	0
0	2	43	0
0	2	43	0
0	2	43	0
0	2	43	0
0	2	43	0
0	2	43	0
0	2	43	0
0	2	43	0
0	2	43	0
0	2	43	0
0	2	43	0
0	2	43	0
0	2	43	0
0	2	43	0
0	2	43	0
0	2	43	0
0	2	43	0
0	2	43	0
0	2	43	0
0	2	43	0
0	2	43	0
0	2	43	0
0	2	43	0
0	2	43	0
0	2	43	0
0	2	43	0
0	2	43	0
0	2	43	0
0	2	43	0
0	2	43	0
0	2	43	0
